verdi_dist/distfiles/data/release/obs/discoveraq-UMDAircraft_UMD-AIRCRAFT_20110728_R4_L1.ict
83, 1001
Stehr, Jeff
University of Maryland, College Park
Trace gases and aerosols measured by UMd aircraft
DISCOVER-AQ
1, 2
2011, 07, 28, 2012, 06, 10
0
Start_UTC, seconds
48
1,1,1,1,1,1,1,1,1,1,1,1,1,1,1,1,1,1,1,1,1,1,1,1,1,1,1,1,1,1,1,1,1,1,1,1,1,1,1,1,1,1,1,1,1,1,1,1
-9999, -9999, -9999, -9999, -9999, -9999, -9999, -9999, -9999, -9999, -9999, -9999, -9999, -9999, -9999, -9999, -9999, -9999, -9999, -9999, -9999, -9999, -9999, -9999, -9999, -9999, -9999, -9999, -9999, -9999, -9999, -9999, -9999, -9999, -9999, -9999, -9999, -9999, -9999, -9999, -9999, -9999, -9999, -9999, -9999, -9999, -9999, -9999
Stop_UTC, seconds
Mid_UTC, seconds
Latitude, degrees
Longitude, degrees
Pressure, hPa
GPSAlt, m
Temperature, K
RelHumidity, %
O3_ppbv, ppbv
CO_ppbv, ppbv
SO2_ppbv, ppbv
NO2_ppbv, ppbv
Bscat450, m-1
Bscat550, m-1
Bscat700, m-1
Bkscat450, m-1
Bkscat550, m-1
Bkscat700, m-1
PCounts, cm-3
nDp0.3-0.4, dm-3
nDp0.4-0.491, dm-3
nDp0.491-0.6, dm-3
nDp0.6-0.7, dm-3
nDp0.701-0.8, dm-3
nDp0.8+, dm-3
Bap370, ng/m3
Bap470, ng/m3
Bap520, ng/m3
Bap590, ng/m3
Bap660, ng/m3
Bap880, ng/m3
Bap950, ng/m3
Flight, UMd Number
Spiral, Airport Code
Raw_Temperature, K
Raw_RelHumidity, %
Raw_Bscat450, m-1
Raw_Bscat550, m-1
Raw_Bscat700, m-1
Raw_Bkscat450, m-1
Raw_Bkscat550, m-1
Raw_Bkscat700, m-1
fRH0_Bscat450, m-1
fRH0_Bscat550, m-1
fRH0_Bscat700, m-1
fRH0_Bkscat450, m-1
fRH0_Bkscat550, m-1
fRH0_Bkscat700, m-1
0
21
PI_CONTACT_INFO: 3417 Computer and Space Sciences Building, College Park, MD, 20742; Email: stehr@atmos.umd.edu; Office Phone: 301-405-7638
PLATFORM: University of Maryland Cessna 402B
LOCATION: Latitude, longitude, altitude, and pressure are included in the data records.
ASSOCIATED_DATA: N/A
INSTRUMENT_INFO: Garmin_90 (Time, Location, Altitude), Vaisala_PTU3000 (T, RH, P), TECO_49C (O3), TECO_48C (CO), TECO_43C (SO2), LGR_RMT-200 (NO2), TSI_3563_Neph (Bscat, Bkscat), TSI_3007_CPC (PCounts), MetOne_9012_ParticleProfiler (nDp), Magee_AE31_Aeth (Bap)
DATA_INFO: All data are 10-second averages.
UNCERTAINTY: -9999, -9999, -9999, -9999, -9999, 0.2hPa, 15m, 0.2K, 1.0%, 1.0ppbv, 20ppbv, 0.1ppbv, 0.7ppbv, 0.2E-6m-1, 0.2E-6m-1, 0.2E-6m-1, 0.2E-6m-1, 0.2E-6m-1, 0.2E-6m-1, -9999, -9999, -9999, -9999, -9999, -9999, -9999, 0.1ug/m3, 0.1ug/m3, 0.1ug/m3, 0.1ug/m3, 0.1ug/m3, 0.1ug/m3, 0.1ug/m3, -9999, -9999, 0.2K, 1.0%, 0.2E-6m-1, 0.2E-6m-1, 0.2E-6m-1, 0.2E-6m-1, 0.2E-6m-1, 0.2E-6m-1, 0.2E-6m-1, 0.2E-6m-1, 0.2E-6m-1, 0.2E-6m-1, 0.2E-6m-1, 0.2E-6m-1
ULOD_FLAG: -7777
ULOD_VALUE: N/A
LLOD_FLAG: -8888
LLOD_VALUE: N/A
DM_CONTACT_INFO: Heather Arkinson; University of Maryland College Park; heather@atmos.umd.edu
PROJECT_INFO: http://discover-aq.larc.nasa.gov/science.php
STIPULATIONS_ON_USE: Use of this data requires permission from the PI.
OTHER_COMMENTS: Airport Codes: Spiral=0 Non-spiral records, Spiral=11 North Bay Spirals
REVISION: R4;R3;R2;R1
R4: Final updates to header information uploaded as R4
R3: Final updates to scattering coefficients uploaded as R3
R2: Interim updates to CPC, NO2, RH, and T uploaded as RB
R1: Initial field data quick summaries uploaded as RA
Start_UTC, Stop_UTC, Mid_UTC, Latitude, Longitude, Pressure, GPSAlt, Temperature, RelHumidity, O3_ppbv, CO_ppbv, SO2_ppbv, NO2_ppbv, Bscat450, Bscat550, Bscat700, Bkscat450, Bkscat550, Bkscat700, PCounts, nDp0.3-0.4, nDp0.4-0.491, nDp0.491-0.6, nDp0.6-0.7, nDp0.701-0.8, nDp0.8+, Bap370, Bap470, Bap520, Bap590, Bap660, Bap880, Bap950, Flight, Spiral, Raw_Temperature, Raw_RelHumidity, Raw_Bscat450, Raw_Bscat550, Raw_Bscat700, Raw_Bkscat450, Raw_Bkscat550, Raw_Bkscat700, fRH0_Bscat450, fRH0_Bscat550, fRH0_Bscat700, fRH0_Bkscat450, fRH0_Bkscat550, fRH0_Bkscat700
[from data line 209]
52258,52268,52263,39.21850, -76.28530, 840.7140, 1706.780,289.9639, 86.7776,    77.86,   195.65,     2.95,     0.13,     0.0001985,     0.0001180,     0.0000625,     0.0000189,     0.0000153,     0.0000111,  2361, 45337,  6586,  1597,   438,   135,   133,-9999.0000,-9999.0000,-9999.0000,-9999.0000,-9999.0000,-9999.0000,-9999.0000,20,11,291.4270, 79.1218,     0.0001070,     0.0000642,     0.0000343,     0.0000107,     0.0000087,     0.0000063,     0.0001018,     0.0000605,     0.0000320,     0.0000097,     0.0000078,     0.0000057
52268,52278,52273,39.21800, -76.29170, 837.4920, 1734.540,289.8141, 87.0541,    75.80,   196.90,     2.99,     0.12, -9999.0000000, -9999.0000000, -9999.0000000, -9999.0000000, -9999.0000000, -9999.0000000,  1969, 59765,  7562,  1779,   478,   137,   141,-9999.0000,-9999.0000,-9999.0000,-9999.0000,-9999.0000,-9999.0000,-9999.0000,20,11,291.1778, 79.8628, -9999.0000000, -9999.0000000, -9999.0000000, -9999.0000000, -9999.0000000, -9999.0000000, -9999.0000000, -9999.0000000, -9999.0000000, -9999.0000000, -9999.0000000, -9999.0000000
52278,52288,52283,39.21480, -76.29670, 834.9430, 1766.260,289.5179, 87.9848,    74.06,   198.25,     2.92,     0.10,     0.0001996,     0.0001197,     0.0000641,     0.0000207,     0.0000163,     0.0000105,  1942, 55818,  7541,  1725,   508,   138,   134,-9999.0000,-9999.0000,-9999.0000,-9999.0000,-9999.0000,-9999.0000,-9999.0000,20,11,290.9041, 80.5864,     0.0001040,     0.0000629,     0.0000340,     0.0000113,     0.0000089,     0.0000058,     0.0000992,     0.0000595,     0.0000318,     0.0000103,     0.0000081,     0.0000052
52288,52298,52293,39.20970, -76.29880, 832.0630, 1797.670,289.0515, 89.3658,    72.45,   199.66,     2.91,     0.06,     0.0002005,     0.0001220,     0.0000672,     0.0000194,     0.0000162,     0.0000182,  1728, 47715,  6790,  1657,   425,   154,   128,-9999.0000,-9999.0000,-9999.0000,-9999.0000,-9999.0000,-9999.0000,-9999.0000,20,11,290.6239, 80.8674,     0.0001000,     0.0000613,     0.0000341,     0.0000102,     0.0000085,     0.0000096,     0.0000957,     0.0000582,     0.0000321,     0.0000093,     0.0000077,     0.0000087
52298,52308,52303,39.20420, -76.29710, 829.0530, 1829.390,288.6454, 90.0946,    71.18,   198.60,     2.77,    -0.02,     0.0001756,     0.0001105,     0.0000617,     0.0000160,     0.0000155,     0.0000126,  1702, 39146,  6089,  1455,   429,   115,   138,-9999.0000,-9999.0000,-9999.0000,-9999.0000,-9999.0000,-9999.0000,-9999.0000,20,11,290.3993, 80.5699,     0.0000848,     0.0000539,     0.0000305,     0.0000082,     0.0000079,     0.0000064,     0.0000819,     0.0000515,     0.0000288,     0.0000075,     0.0000072,     0.0000059
52308,52318,52313,39.19970, -76.29200, 825.9390, 1862.030,288.2490, 91.7728,    70.23,   199.83,     2.67,    -0.02,     0.0001819,     0.0001099,     0.0000646,     0.0000186,     0.0000147,     0.0000147,  1948, 36200,  5545,  1278,   388,   119,   114,-9999.0000,-9999.0000,-9999.0000,-9999.0000,-9999.0000,-9999.0000,-9999.0000,20,11,290.2144, 80.9491,     0.0000834,     0.0000504,     0.0000298,     0.0000089,     0.0000071,     0.0000071,     0.0000798,     0.0000482,     0.0000283,     0.0000082,     0.0000065,     0.0000064
52318,52328,52323,39.19760, -76.28460, 822.6450, 1894.350,287.9715, 93.2895,    69.15,   197.63,     2.32,    -0.04,     0.0002007,     0.0001269,     0.0000666,     0.0000206,     0.0000164,     0.0000132,  1985, 37035,  5402,  1334,   407,   116,   124,-9999.0000,-9999.0000,-9999.0000,-9999.0000,-9999.0000,-9999.0000,-9999.0000,20,11,290.0146, 81.8600,     0.0000848,     0.0000546,     0.0000291,     0.0000093,     0.0000074,     0.0000059,     0.0000823,     0.0000521,     0.0000273,     0.0000084,     0.0000067,     0.0000054
52328,52338,52333,39.19830, -76.27660, 819.6830, 1922.110,287.6855, 94.0968,    67.41,   189.86,     2.01,    -0.08, -9999.0000000, -9999.0000000, -9999.0000000, -9999.0000000, -9999.0000000, -9999.0000000,  1854, 37847,  5411,  1221,   341,    77,   115, -683.0000,-9999.0000,-9999.0000,-9999.0000,-9999.0000,-9999.0000,-9999.0000,20,11,289.8172, 82.0804, -9999.0000000, -9999.0000000, -9999.0000000, -9999.0000000, -9999.0000000, -9999.0000000, -9999.0000000, -9999.0000000, -9999.0000000, -9999.0000000, -9999.0000000, -9999.0000000
52338,52348,52343,39.20180, -76.26990, 816.9220, 1946.510,287.4972, 91.8903,    66.34,   183.18,     1.83,    -0.07,     0.0001879,     0.0001120,     0.0000621,     0.0000209,     0.0000157,     0.0000124,  1987, 37285,  4916,  1121,   306,    83,    90,-9999.0000,-9999.0000,-9999.0000,-9999.0000,-9999.0000,-9999.0000,-9999.0000,20,11,289.6442, 80.0616,     0.0000859,     0.0000514,     0.0000287,     0.0000100,     0.0000075,     0.0000059,     0.0000820,     0.0000489,     0.0000271,     0.0000091,     0.0000069,     0.0000054
52348,52358,52353,39.20720, -76.26610, 814.3410, 1967.860,287.4816, 86.0811,    64.52,   171.75,     1.67,    -0.08,     0.0001336,     0.0000776,     0.0000408,     0.0000150,     0.0000107,     0.0000084,  1727, 30762,  3715,   858,   244,    84,    77,-9999.0000,-9999.0000,-9999.0000,-9999.0000,-9999.0000,-9999.0000,-9999.0000,20,11,289.5537, 75.3574,     0.0000733,     0.0000428,     0.0000227,     0.0000086,     0.0000061,     0.0000048,     0.0000697,     0.0000405,     0.0000213,     0.0000078,     0.0000056,     0.0000044
52358,52368,52363,39.21290, -76.26620, 811.0400, 2007.810,287.8631, 73.3494,    63.62,   154.81,     1.54,    -0.02,     0.0000685,     0.0000419,     0.0000258,     0.0000077,     0.0000065,     0.0000041,  1386, 20044,  2258,   535,   153,    75,    75,-9999.0000,-9999.0000,-9999.0000,-9999.0000,-9999.0000,-9999.0000,-9999.0000,20,11,289.6448, 65.4342,     0.0000460,     0.0000280,     0.0000173,     0.0000054,     0.0000046,     0.0000029,     0.0000443,     0.0000271,     0.0000166,     0.0000050,     0.0000042,     0.0000027
52368,52378,52373,39.21740, -76.26990, 807.4570, 2041.970,288.3582, 57.6123,    62.33,   137.39,     1.43,    -0.01,     0.0000372,     0.0000222,     0.0000124,     0.0000042,     0.0000036,     0.0000041,  1163, 12490,  1378,   338,   102,    45,    36,-9999.0000,-9999.0000,-9999.0000,-9999.0000,-9999.0000,-9999.0000,-9999.0000,20,11,289.9202, 52.1396,     0.0000290,     0.0000174,     0.0000098,     0.0000034,     0.0000030,     0.0000034,     0.0000280,     0.0000168,     0.0000094,     0.0000032,     0.0000027,     0.0000031
52378,52388,52383,39.21950, -76.27590, 804.2720, 2071.250,288.6977, 45.7260,    60.82,   110.37,     1.18,    -0.01,     0.0000221,     0.0000134,     0.0000084,     0.0000033,     0.0000025,     0.0000021,  1027,  5946,   884,   277,    79,    30,    53,-9999.0000,-9999.0000,-9999.0000,-9999.0000,-9999.0000,-9999.0000,-9999.0000,20,11,290.1260, 41.7457,     0.0000185,     0.0000111,     0.0000070,     0.0000029,     0.0000022,     0.0000019,     0.0000181,     0.0000109,     0.0000069,     0.0000027,     0.0000020,     0.0000018
52388,52398,52393,39.21850, -76.28250, 801.6010, 2095.660,288.7672, 35.8677,    58.50,    89.74,     1.07,    -0.02,     0.0000168,     0.0000112,     0.0000048,     0.0000021,     0.0000021,     0.0000006,   815,  4846,   728,   205,    68,    24,    40, 2505.0000,-9999.0000,-9999.0000,-9999.0000,-9999.0000, 7058.0000,-9999.0000,20,11,290.2571, 32.6197,     0.0000143,     0.0000099,     0.0000044,     0.0000020,     0.0000019,     0.0000006,     0.0000145,     0.0000097,     0.0000042,     0.0000018,     0.0000018,     0.0000006
52398,52408,52403,39.21470, -76.28790, 799.2920, 2119.450,288.6396, 27.6470,    57.09,    71.01,     1.00,    -0.01,     0.0000116,     0.0000064,     0.0000031,     0.0000012,     0.0000014,     0.0000002,   707,  2872,   511,   156,    51,    21,    27,-9999.0000,-9999.0000,-9999.0000,-9999.0000,-9999.0000,-9999.0000,-9999.0000,20,11,290.3912, 24.7276,     0.0000107,     0.0000060,     0.0000029,     0.0000012,     0.0000013,     0.0000002,     0.0000105,     0.0000058,     0.0000028,     0.0000011,     0.0000012,     0.0000001
52408,52418,52413,39.20900, -76.29050, 797.3460, 2146.590,288.5807, 21.1994,    55.03,    53.27,     0.83,    -0.04,     0.0000039,     0.0000018,     0.0000008,     0.0000015,     0.0000007,    -0.0000012,   313,  2236,   383,   100,    41,    14,    23,-9999.0000,-9999.0000,-9999.0000,-9999.0000,-9999.0000,-9999.0000,-9999.0000,20,11,290.5831, 18.6616,     0.0000038,     0.0000018,     0.0000008,     0.0000014,     0.0000007,    -0.0000012,     0.0000036,     0.0000017,     0.0000007,     0.0000014,     0.0000007,    -0.0000012
52418,52428,52423,39.20270, -76.28930, 795.1260, 2173.120,288.6182, 17.2855,    53.98,    45.51,     0.68,    -0.07, -9999.0000000, -9999.0000000, -9999.0000000, -9999.0000000, -9999.0000000, -9999.0000000,   229,   852,   188,    71,    22,     7,    15,-9999.0000,-9999.0000,-9999.0000,-9999.0000,-9999.0000,-9999.0000,-9999.0000,20,11,290.8384, 15.0090, -9999.0000000, -9999.0000000, -9999.0000000, -9999.0000000, -9999.0000000, -9999.0000000, -9999.0000000, -9999.0000000, -9999.0000000, -9999.0000000, -9999.0000000, -9999.0000000
52428,52438,52433,39.19740, -76.28470, 792.5110, 2195.390,288.8116, 15.8789,    52.27,    38.66,     0.42,    -0.07,     0.0000036,     0.0000013,     0.0000003,     0.0000007,     0.0000011,     0.0000005,   164,   660,   137,    44,    18,     6,    12,-9999.0000,-9999.0000,-9999.0000,-9999.0000,-9999.0000,-9999.0000,-9999.0000,20,11,291.0450, 13.7791,     0.0000039,     0.0000013,     0.0000003,     0.0000007,     0.0000011,     0.0000005,     0.0000034,     0.0000012,     0.0000002,     0.0000007,     0.0000011,     0.0000005
52438,52448,52443,39.19410, -76.27750, 790.2930, 2218.260,288.8846, 15.8379,    51.47,    31.30,     0.32,    -0.08,     0.0000027,     0.0000019,     0.0000018,     0.0000013,     0.0000002,     0.0000010,   144,  7311,   101,    39,    23,     7,    27,-9999.0000,-9999.0000,-9999.0000,-9999.0000,-9999.0000,-9999.0000,-9999.0000,20,11,291.1847, 13.6871,     0.0000025,     0.0000017,     0.0000016,     0.0000012,     0.0000002,     0.0000010,     0.0000026,     0.0000018,     0.0000017,     0.0000012,     0.0000002,     0.0000009
52448,52458,52453,39.19340, -76.26940, 788.1810, 2236.260,289.0778, 17.8876,    51.13,    37.56,     0.23,    -0.09,     0.0000022,     0.0000025,     0.0000010,     0.0000001,     0.0000004,     0.0000003,   223,  9814,   116,    48,    28,    11,    24,   81.0000,-9999.0000,-9999.0000,-9999.0000,-9999.0000, 2372.0000,-9999.0000,20,11,291.2624, 15.5745,     0.0000018,     0.0000022,     0.0000010,     0.0000001,     0.0000004,     0.0000003,     0.0000021,     0.0000023,     0.0000009,     0.0000001,     0.0000004,     0.0000003
52458,52468,52463,39.19540, -76.26220, 785.7870, 2257.920,289.3436, 23.4058,    52.05,    45.38,     0.12,    -0.10,     0.0000057,     0.0000049,     0.0000022,     0.0000008,     0.0000009,     0.0000000,   320, 11035,   270,   103,    32,    17,    28,-9999.0000,-9999.0000,-9999.0000,-9999.0000,-9999.0000,-9999.0000,-9999.0000,20,11,291.2692, 20.7191,     0.0000048,     0.0000044,     0.0000020,     0.0000008,     0.0000009,     0.0000000,     0.0000052,     0.0000045,     0.0000020,     0.0000007,     0.0000008,     0.0000000
52468,52478,52473,39.19960, -76.25730, 783.2670, 2289.020,289.4475, 31.2674,    52.63,    53.83,     0.01,    -0.11,     0.0000127,     0.0000077,     0.0000052,     0.0000006,     0.0000013,     0.0000013,   397, 12017,   426,   122,    46,    21,    50,-9999.0000,-9999.0000,-9999.0000,-9999.0000,-9999.0000,-9999.0000,-9999.0000,20,11,291.2055, 27.9741,     0.0000113,     0.0000067,     0.0000046,     0.0000005,     0.0000012,     0.0000012,     0.0000112,     0.0000068,     0.0000046,     0.0000005,     0.0000012,     0.0000011
52478,52488,52483,39.20470, -76.25570, 780.6730, 2315.560,289.5670, 36.2163,    54.14,    55.98,     0.02,    -0.15, -9999.0000000, -9999.0000000, -9999.0000000, -9999.0000000, -9999.0000000, -9999.0000000,   411, 12033,   572,   172,    68,    26,    55,-9999.0000,-9999.0000,-9999.0000,-9999.0000,-9999.0000,-9999.0000,-9999.0000,20,11,291.0788, 32.9106, -9999.0000000, -9999.0000000, -9999.0000000, -9999.0000000, -9999.0000000, -9999.0000000, -9999.0000000, -9999.0000000, -9999.0000000, -9999.0000000, -9999.0000000, -9999.0000000
52488,52498,52493,39.20930, -76.25790, 778.2650, 2347.890,289.6184, 37.6948,    56.08,    60.97,     0.05,    -0.15,     0.0000138,     0.0000084,     0.0000037,     0.0000024,     0.0000017,     0.0000004,   426, 10036,   653,   165,    64,    28,    72,-9999.0000,-9999.0000,-9999.0000,-9999.0000,-9999.0000,-9999.0000,-9999.0000,20,11,290.9400, 34.6681,     0.0000118,     0.0000075,     0.0000034,     0.0000022,     0.0000015,     0.0000004,     0.0000118,     0.0000072,     0.0000032,     0.0000020,     0.0000015,     0.0000003
52498,52508,52503,39.21210, -76.26330, 775.7390, 2382.050,289.3942, 40.0739,    57.67,    65.88,     0.16,    -0.16,     0.0000132,     0.0000083,     0.0000045,     0.0000024,     0.0000015,     0.0000021,   388,  7484,   547,   147,    77,    28,    63,-9999.0000,-9999.0000,-9999.0000,-9999.0000,-9999.0000,-9999.0000,-9999.0000,20,11,290.7858, 36.6885,     0.0000111,     0.0000071,     0.0000039,     0.0000022,     0.0000014,     0.0000019,     0.0000111,     0.0000070,     0.0000038,     0.0000021,     0.0000013,     0.0000018
52508,52518,52513,39.21220, -76.27000, 772.9810, 2412.250,289.0627, 46.2146,    58.13,    71.74,     0.21,    -0.16,     0.0000125,     0.0000081,     0.0000041,     0.0000016,     0.0000013,     0.0000010,   360,  3798,   516,   144,    60,    22,    57,-9999.0000,-9999.0000,-9999.0000,-9999.0000,-9999.0000,-9999.0000,-9999.0000,20,11,290.5424, 42.0658,     0.0000101,     0.0000067,     0.0000034,     0.0000014,     0.0000011,     0.0000008,     0.0000102,     0.0000066,     0.0000033,     0.0000013,     0.0000010,     0.0000008
52518,52528,52523,39.20920, -76.27610, 770.2640, 2450.370,288.5151, 53.4981,    57.77,    80.00,     0.29,    -0.16,     0.0000146,     0.0000092,     0.0000064,     0.0000020,     0.0000017,     0.0000018,   457,  3810,   621,   150,    63,    30,    74,-9999.0000,-9999.0000,-9999.0000,-9999.0000,-9999.0000,-9999.0000,-9999.0000,20,11,290.2338, 47.9438,     0.0000114,     0.0000071,     0.0000049,     0.0000017,     0.0000014,     0.0000015,     0.0000113,     0.0000072,     0.0000049,     0.0000016,     0.0000013,     0.0000014
52528,52538,52533,39.20430, -76.28030, 767.4630, 2483.310,288.0844, 56.3547,    57.53,    77.56,     0.30,    -0.13,     0.0000193,     0.0000112,     0.0000082,     0.0000028,     0.0000019,     0.0000004,   392,  5362,   759,   213,   101,    47,    75,-9999.0000,-9999.0000,-9999.0000,-9999.0000,-9999.0000,-9999.0000,-9999.0000,20,11,289.9808, 49.9184,     0.0000152,     0.0000085,     0.0000062,     0.0000023,     0.0000015,     0.0000004,     0.0000147,     0.0000085,     0.0000062,     0.0000022,     0.0000014,     0.0000003
52538,52548,52543,39.19880, -76.28360, 764.1320, 2502.520,287.7937, 56.1582,    57.32,    83.00,     0.33,    -0.13,     0.0000143,     0.0000086,     0.0000053,     0.0000020,     0.0000016,     0.0000002,   441,  4313,   707,   161,    69,    38,    74,-9999.0000,-9999.0000,-9999.0000,-9999.0000,-9999.0000,-9999.0000,-9999.0000,20,11,289.8092, 49.3554,     0.0000111,     0.0000067,     0.0000041,     0.0000016,     0.0000013,     0.0000002,     0.0000109,     0.0000065,     0.0000040,     0.0000015,     0.0000012,     0.0000002
