verdi_dist/distfiles/data/release/obs/discoveraq-UMDAircraft_UMD-AIRCRAFT_20110728_R4_L1.ict
83, 1001
Stehr, Jeff
University of Maryland, College Park
Trace gases and aerosols measured by UMd aircraft
DISCOVER-AQ
1, 2
2011, 07, 28, 2012, 06, 10
0
Start_UTC, seconds
48
1,1,1,1,1,1,1,1,1,1,1,1,1,1,1,1,1,1,1,1,1,1,1,1,1,1,1,1,1,1,1,1,1,1,1,1,1,1,1,1,1,1,1,1,1,1,1,1
-9999, -9999, -9999, -9999, -9999, -9999, -9999, -9999, -9999, -9999, -9999, -9999, -9999, -9999, -9999, -9999, -9999, -9999, -9999, -9999, -9999, -9999, -9999, -9999, -9999, -9999, -9999, -9999, -9999, -9999, -9999, -9999, -9999, -9999, -9999, -9999, -9999, -9999, -9999, -9999, -9999, -9999, -9999, -9999, -9999, -9999, -9999, -9999
Stop_UTC, seconds
Mid_UTC, seconds
Latitude, degrees
Longitude, degrees
Pressure, hPa
GPSAlt, m
Temperature, K
RelHumidity, %
O3_ppbv, ppbv
CO_ppbv, ppbv
SO2_ppbv, ppbv
NO2_ppbv, ppbv
Bscat450, m-1
Bscat550, m-1
Bscat700, m-1
Bkscat450, m-1
Bkscat550, m-1
Bkscat700, m-1
PCounts, cm-3
nDp0.3-0.4, dm-3
nDp0.4-0.491, dm-3
nDp0.491-0.6, dm-3
nDp0.6-0.7, dm-3
nDp0.701-0.8, dm-3
nDp0.8+, dm-3
Bap370, ng/m3
Bap470, ng/m3
Bap520, ng/m3
Bap590, ng/m3
Bap660, ng/m3
Bap880, ng/m3
Bap950, ng/m3
Flight, UMd Number
Spiral, Airport Code
Raw_Temperature, K
Raw_RelHumidity, %
Raw_Bscat450, m-1
Raw_Bscat550, m-1
Raw_Bscat700, m-1
Raw_Bkscat450, m-1
Raw_Bkscat550, m-1
Raw_Bkscat700, m-1
fRH0_Bscat450, m-1
fRH0_Bscat550, m-1
fRH0_Bscat700, m-1
fRH0_Bkscat450, m-1
fRH0_Bkscat550, m-1
fRH0_Bkscat700, m-1
0
21
PI_CONTACT_INFO: 3417 Computer and Space Sciences Building, College Park, MD, 20742; Email: stehr@atmos.umd.edu; Office Phone: 301-405-7638
PLATFORM: University of Maryland Cessna 402B
LOCATION: Latitude, longitude, altitude, and pressure are included in the data records.
ASSOCIATED_DATA: N/A
INSTRUMENT_INFO: Garmin_90 (Time, Location, Altitude), Vaisala_PTU3000 (T, RH, P), TECO_49C (O3), TECO_48C (CO), TECO_43C (SO2), LGR_RMT-200 (NO2), TSI_3563_Neph (Bscat, Bkscat), TSI_3007_CPC (PCounts), MetOne_9012_ParticleProfiler (nDp), Magee_AE31_Aeth (Bap)
DATA_INFO: All data are 10-second averages.
UNCERTAINTY: -9999, -9999, -9999, -9999, -9999, 0.2hPa, 15m, 0.2K, 1.0%, 1.0ppbv, 20ppbv, 0.1ppbv, 0.7ppbv, 0.2E-6m-1, 0.2E-6m-1, 0.2E-6m-1, 0.2E-6m-1, 0.2E-6m-1, 0.2E-6m-1, -9999, -9999, -9999, -9999, -9999, -9999, -9999, 0.1ug/m3, 0.1ug/m3, 0.1ug/m3, 0.1ug/m3, 0.1ug/m3, 0.1ug/m3, 0.1ug/m3, -9999, -9999, 0.2K, 1.0%, 0.2E-6m-1, 0.2E-6m-1, 0.2E-6m-1, 0.2E-6m-1, 0.2E-6m-1, 0.2E-6m-1, 0.2E-6m-1, 0.2E-6m-1, 0.2E-6m-1, 0.2E-6m-1, 0.2E-6m-1, 0.2E-6m-1
ULOD_FLAG: -7777
ULOD_VALUE: N/A
LLOD_FLAG: -8888
LLOD_VALUE: N/A
DM_CONTACT_INFO: Heather Arkinson; University of Maryland College Park; heather@atmos.umd.edu
PROJECT_INFO: http://discover-aq.larc.nasa.gov/science.php
STIPULATIONS_ON_USE: Use of this data requires permission from the PI.
OTHER_COMMENTS: Airport Codes: Spiral=0 Non-spiral records, Spiral=11 North Bay Spirals
REVISION: R4;R3;R2;R1
R4: Final updates to header information uploaded as R4
R3: Final updates to scattering coefficients uploaded as R3
R2: Interim updates to CPC, NO2, RH, and T uploaded as RB
R1: Initial field data quick summaries uploaded as RA
Start_UTC, Stop_UTC, Mid_UTC, Latitude, Longitude, Pressure, GPSAlt, Temperature, RelHumidity, O3_ppbv, CO_ppbv, SO2_ppbv, NO2_ppbv, Bscat450, Bscat550, Bscat700, Bkscat450, Bkscat550, Bkscat700, PCounts, nDp0.3-0.4, nDp0.4-0.491, nDp0.491-0.6, nDp0.6-0.7, nDp0.701-0.8, nDp0.8+, Bap370, Bap470, Bap520, Bap590, Bap660, Bap880, Bap950, Flight, Spiral, Raw_Temperature, Raw_RelHumidity, Raw_Bscat450, Raw_Bscat550, Raw_Bscat700, Raw_Bkscat450, Raw_Bkscat550, Raw_Bkscat700, fRH0_Bscat450, fRH0_Bscat550, fRH0_Bscat700, fRH0_Bkscat450, fRH0_Bkscat550, fRH0_Bkscat700
50168,50178,50173,39.08550, -76.75420,1011.8200,   48.190,302.7195, 55.8451, -9999.00, -9999.00, -9999.00, -9999.00,     0.0000654,     0.0000411,     0.0000261,     0.0000071,     0.0000063,     0.0000053, -9999, -9999, -9999, -9999, -9999, -9999, -9999, 1741.0000,-9999.0000,-9999.0000,-9999.0000,-9999.0000, 5127.0000,-9999.0000,20, 0,302.7245, 55.8291,     0.0000537,     0.0000336,     0.0000215,     0.0000061,     0.0000055,     0.0000046,     0.0000500,     0.0000314,     0.0000200,     0.0000054,     0.0000048,     0.0000040
50178,50188,50183,39.08510, -76.75420,1011.8000,   50.020,302.7414, 55.3203, -9999.00, -9999.00, -9999.00, -9999.00,     0.0000640,     0.0000417,     0.0000230,     0.0000085,     0.0000066,     0.0000049, -9999, -9999, -9999, -9999, -9999, -9999, -9999,-9999.0000,-9999.0000,-9999.0000,-9999.0000,-9999.0000,-9999.0000,-9999.0000,20, 0,302.7502, 55.2922,     0.0000520,     0.0000345,     0.0000193,     0.0000074,     0.0000058,     0.0000043,     0.0000490,     0.0000320,     0.0000176,     0.0000065,     0.0000051,     0.0000037
50188,50198,50193,39.08510, -76.75430,1011.6600,   50.020,302.7382, 55.2650, -9999.00, -9999.00, -9999.00, -9999.00,     0.0000614,     0.0000419,     0.0000241,     0.0000086,     0.0000064,     0.0000042, -9999, -9999, -9999, -9999, -9999, -9999, -9999,-9999.0000,-9999.0000,-9999.0000,-9999.0000,-9999.0000,-9999.0000,-9999.0000,20, 0,302.7385, 55.2639,     0.0000494,     0.0000343,     0.0000201,     0.0000075,     0.0000056,     0.0000036,     0.0000471,     0.0000321,     0.0000185,     0.0000066,     0.0000049,     0.0000032
50198,50208,50203,39.08510, -76.75470,1011.5100,   48.190,302.7279, 55.3302, -9999.00, -9999.00, -9999.00, -9999.00,     0.0000641,     0.0000408,     0.0000247,     0.0000076,     0.0000059,     0.0000050, -9999, -9999, -9999, -9999, -9999, -9999, -9999,-9999.0000,-9999.0000,-9999.0000,-9999.0000,-9999.0000,-9999.0000,-9999.0000,20, 0,302.7332, 55.3133,     0.0000525,     0.0000335,     0.0000205,     0.0000066,     0.0000051,     0.0000043,     0.0000491,     0.0000312,     0.0000189,     0.0000058,     0.0000045,     0.0000038
50208,50218,50213,39.08530, -76.75750,1011.6100,   44.530,302.3703, 56.3857, -9999.00, -9999.00, -9999.00, -9999.00,     0.0000647,     0.0000397,     0.0000234,     0.0000074,     0.0000070,     0.0000046, -9999, -9999, -9999, -9999, -9999, -9999, -9999,-9999.0000,-9999.0000,-9999.0000,-9999.0000,-9999.0000,-9999.0000,-9999.0000,20, 0,302.6329, 55.5381,     0.0000530,     0.0000326,     0.0000193,     0.0000064,     0.0000060,     0.0000039,     0.0000492,     0.0000302,     0.0000178,     0.0000056,     0.0000053,     0.0000035
50218,50228,50223,39.08550, -76.76240,1011.9800,   68.015,301.7149, 58.8050, -9999.00, -9999.00, -9999.00, -9999.00,     0.0000688,     0.0000421,     0.0000250,     0.0000083,     0.0000064,     0.0000045, -9999, -9999, -9999, -9999, -9999, -9999, -9999,-9999.0000,-9999.0000,-9999.0000,-9999.0000,-9999.0000,-9999.0000,-9999.0000,20, 0,302.5131, 56.1513,     0.0000553,     0.0000339,     0.0000202,     0.0000070,     0.0000054,     0.0000038,     0.0000514,     0.0000315,     0.0000186,     0.0000062,     0.0000047,     0.0000033
50228,50238,50233,39.08580, -76.76830,1011.8500,   97.295,301.3535, 59.5954, -9999.00, -9999.00, -9999.00, -9999.00,     0.0000835,     0.0000491,     0.0000296,     0.0000111,     0.0000082,     0.0000058, -9999, -9999, -9999, -9999, -9999, -9999, -9999, 2223.0000,-9999.0000,-9999.0000,-9999.0000,-9999.0000, 2976.0000,-9999.0000,20, 0,302.5110, 55.7299,     0.0000672,     0.0000393,     0.0000237,     0.0000093,     0.0000069,     0.0000049,     0.0000619,     0.0000364,     0.0000219,     0.0000082,     0.0000061,     0.0000043
50238,50248,50243,39.08620, -76.77460,1008.2300,  126.270,301.2703, 58.7069, -9999.00, -9999.00, -9999.00, -9999.00, -9999.0000000, -9999.0000000, -9999.0000000, -9999.0000000, -9999.0000000, -9999.0000000, -9999, -9999, -9999, -9999, -9999, -9999, -9999,-9999.0000,-9999.0000,-9999.0000,-9999.0000,-9999.0000,-9999.0000,-9999.0000,20, 0,302.5925, 54.3777, -9999.0000000, -9999.0000000, -9999.0000000, -9999.0000000, -9999.0000000, -9999.0000000, -9999.0000000, -9999.0000000, -9999.0000000, -9999.0000000, -9999.0000000, -9999.0000000
50248,50258,50253,39.08650, -76.78140,1005.1400,  168.360,301.0313, 59.0793, -9999.00, -9999.00, -9999.00, -9999.00,     0.0000851,     0.0000535,     0.0000299,     0.0000115,     0.0000088,     0.0000074, -9999, -9999, -9999, -9999, -9999, -9999, -9999,-9999.0000,-9999.0000,-9999.0000,-9999.0000,-9999.0000,-9999.0000,-9999.0000,20, 0,302.5654, 54.0504,     0.0000674,     0.0000428,     0.0000242,     0.0000096,     0.0000074,     0.0000063,     0.0000634,     0.0000398,     0.0000223,     0.0000085,     0.0000065,     0.0000055
50258,50268,50263,39.08690, -76.78850,1000.6900,  218.990,300.7548, 60.8509, -9999.00, -9999.00, -9999.00, -9999.00,     0.0000869,     0.0000534,     0.0000309,     0.0000102,     0.0000085,     0.0000077, -9999, -9999, -9999, -9999, -9999, -9999, -9999,-9999.0000,-9999.0000,-9999.0000,-9999.0000,-9999.0000,-9999.0000,-9999.0000,20, 0,302.4298, 55.2097,     0.0000680,     0.0000420,     0.0000245,     0.0000084,     0.0000070,     0.0000063,     0.0000637,     0.0000392,     0.0000227,     0.0000075,     0.0000062,     0.0000056
50268,50278,50273,39.08720, -76.79570, 995.5890,  262.605,300.5582, 61.9950, -9999.00, -9999.00, -9999.00, -9999.00,     0.0000838,     0.0000517,     0.0000273,     0.0000096,     0.0000087,     0.0000060, -9999, 10800,  1418,   346,   129,    62,    72,-9999.0000,-9999.0000,-9999.0000,-9999.0000,-9999.0000,-9999.0000,-9999.0000,20, 0,302.2763, 56.0996,     0.0000648,     0.0000405,     0.0000217,     0.0000078,     0.0000071,     0.0000049,     0.0000609,     0.0000376,     0.0000199,     0.0000070,     0.0000063,     0.0000043
50278,50288,50283,39.08540, -76.80230, 989.8630,  276.330,300.4442, 62.5980, -9999.00, -9999.00, -9999.00, -9999.00,     0.0000850,     0.0000522,     0.0000294,     0.0000115,     0.0000081,     0.0000059, -9999, 22725,  3066,   880,   301,    98,   189,-9999.0000,-9999.0000,-9999.0000,-9999.0000,-9999.0000,-9999.0000,-9999.0000,20, 0,302.0621, 56.9700,     0.0000655,     0.0000405,     0.0000230,     0.0000093,     0.0000066,     0.0000048,     0.0000614,     0.0000377,     0.0000212,     0.0000083,     0.0000058,     0.0000043
50288,50298,50293,39.08110, -76.80660, 986.9030,  287.310,300.1411, 62.9799, -9999.00, -9999.00, -9999.00, -9999.00, -9999.0000000, -9999.0000000, -9999.0000000, -9999.0000000, -9999.0000000, -9999.0000000, -9999, 21798,  3019,   810,   271,    95,   196, 1947.0000,-9999.0000,-9999.0000,-9999.0000,-9999.0000, 5246.0000,-9999.0000,20, 0,301.7670, 57.2786, -9999.0000000, -9999.0000000, -9999.0000000, -9999.0000000, -9999.0000000, -9999.0000000, -9999.0000000, -9999.0000000, -9999.0000000, -9999.0000000, -9999.0000000, -9999.0000000
50298,50308,50303,39.07550, -76.80650, 985.5670,  311.405,299.7416, 64.1405, -9999.00, -9999.00, -9999.00, -9999.00, -9999.0000000, -9999.0000000, -9999.0000000, -9999.0000000, -9999.0000000, -9999.0000000, -9999, 23610,  3293,   915,   291,   101,   178,-9999.0000,-9999.0000,-9999.0000,-9999.0000,-9999.0000,-9999.0000,-9999.0000,20, 0,301.4621, 57.9973, -9999.0000000, -9999.0000000, -9999.0000000, -9999.0000000, -9999.0000000, -9999.0000000, -9999.0000000, -9999.0000000, -9999.0000000, -9999.0000000, -9999.0000000, -9999.0000000
50308,50318,50313,39.07070, -76.80250, 983.6250,  344.040,299.4852, 65.4767,    55.89, -9999.00, -9999.00, -9999.00, -9999.0000000, -9999.0000000, -9999.0000000, -9999.0000000, -9999.0000000, -9999.0000000, -9999, 27223,  3426,   898,   307,   108,   175,-9999.0000,-9999.0000,-9999.0000,-9999.0000,-9999.0000,-9999.0000,-9999.0000,20, 0,301.2775, 58.9469, -9999.0000000, -9999.0000000, -9999.0000000, -9999.0000000, -9999.0000000, -9999.0000000, -9999.0000000, -9999.0000000, -9999.0000000, -9999.0000000, -9999.0000000, -9999.0000000
50318,50328,50323,39.06740, -76.79630, 980.0790,  355.630,299.2870, 65.9617,    56.64, -9999.00, -9999.00, -9999.00,     0.0000873,     0.0000561,     0.0000317,     0.0000132,     0.0000085,     0.0000065, -9999, 23745,  3133,   850,   285,   122,   174,-9999.0000,-9999.0000,-9999.0000,-9999.0000,-9999.0000,-9999.0000,-9999.0000,20, 0,301.1544, 59.1150,     0.0000644,     0.0000419,     0.0000240,     0.0000104,     0.0000067,     0.0000052,     0.0000611,     0.0000393,     0.0000222,     0.0000093,     0.0000059,     0.0000046
50328,50338,50333,39.06420, -76.79020, 977.7600,  355.630,299.2247, 65.1758,    57.42, -9999.00, -9999.00, -9999.00,     0.0000872,     0.0000537,     0.0000313,     0.0000116,     0.0000083,     0.0000070, -9999, 25176,  3450,   971,   290,   117,   203,-9999.0000,-9999.0000,-9999.0000,-9999.0000,-9999.0000,-9999.0000,-9999.0000,20, 0,301.0164, 58.6661,     0.0000655,     0.0000405,     0.0000238,     0.0000092,     0.0000065,     0.0000055,     0.0000615,     0.0000379,     0.0000221,     0.0000082,     0.0000058,     0.0000049
50338,50348,50343,39.06090, -76.78410, 977.0660,  358.070,298.9989, 64.9429,    58.12, -9999.00, -9999.00, -9999.00,     0.0000896,     0.0000542,     0.0000307,     0.0000112,     0.0000080,     0.0000070, -9999, 25361,  3218,   875,   292,   110,   216,-9999.0000,-9999.0000,-9999.0000,-9999.0000,-9999.0000,-9999.0000,-9999.0000,20, 0,300.8261, 58.3248,     0.0000677,     0.0000411,     0.0000235,     0.0000089,     0.0000063,     0.0000056,     0.0000634,     0.0000383,     0.0000218,     0.0000079,     0.0000056,     0.0000050
50348,50358,50353,39.05740, -76.77800, 976.9800,  355.020,298.8013, 64.9442,    58.69, -9999.00, -9999.00, -9999.00, -9999.0000000, -9999.0000000, -9999.0000000, -9999.0000000, -9999.0000000, -9999.0000000, -9999, 26180,  3534,  1018,   299,   120,   224, 1135.0000,-9999.0000,-9999.0000,-9999.0000,-9999.0000, 1402.0000,-9999.0000,20, 0,300.7027, 58.0640, -9999.0000000, -9999.0000000, -9999.0000000, -9999.0000000, -9999.0000000, -9999.0000000, -9999.0000000, -9999.0000000, -9999.0000000, -9999.0000000, -9999.0000000, -9999.0000000
50358,50368,50363,39.05390, -76.77180, 976.9490,  359.900,298.7081, 65.5448,    59.29, -9999.00, -9999.00, -9999.00,     0.0000954,     0.0000557,     0.0000335,     0.0000107,     0.0000081,     0.0000045, -9999, 26557,  3684,  1018,   356,    96,   167,-9999.0000,-9999.0000,-9999.0000,-9999.0000,-9999.0000,-9999.0000,-9999.0000,20, 0,300.6500, 58.4576,     0.0000723,     0.0000419,     0.0000252,     0.0000084,     0.0000064,     0.0000036,     0.0000671,     0.0000392,     0.0000235,     0.0000075,     0.0000057,     0.0000032
50368,50378,50373,39.05020, -76.76570, 976.8390,  357.155,298.6280, 66.3350,    60.06, -9999.00, -9999.00, -9999.00,     0.0000925,     0.0000552,     0.0000303,     0.0000117,     0.0000091,     0.0000073, -9999, 27590,  3791,   978,   344,   122,   201,-9999.0000,-9999.0000,-9999.0000,-9999.0000,-9999.0000,-9999.0000,-9999.0000,20, 0,300.6081, 59.0264,     0.0000690,     0.0000414,     0.0000229,     0.0000092,     0.0000071,     0.0000057,     0.0000646,     0.0000385,     0.0000211,     0.0000082,     0.0000063,     0.0000051
50378,50388,50383,39.04620, -76.75970, 976.6950,  353.190,298.5073, 66.5757,    61.11, -9999.00, -9999.00, -9999.00,     0.0000898,     0.0000551,     0.0000341,     0.0000123,     0.0000090,     0.0000074, -9999, 28449,  3515,   986,   293,   105,   195,-9999.0000,-9999.0000,-9999.0000,-9999.0000,-9999.0000,-9999.0000,-9999.0000,20, 0,300.5735, 58.9362,     0.0000666,     0.0000407,     0.0000253,     0.0000096,     0.0000070,     0.0000058,     0.0000626,     0.0000384,     0.0000237,     0.0000086,     0.0000062,     0.0000052
50388,50398,50393,39.04270, -76.75330, 977.1150,  350.750,298.5361, 65.8595,    61.63, -9999.00, -9999.00, -9999.00,     0.0000889,     0.0000551,     0.0000317,     0.0000117,     0.0000083,     0.0000076, -9999, 26984,  3664,  1019,   360,   122,   193,-9999.0000,-9999.0000,-9999.0000,-9999.0000,-9999.0000,-9999.0000,-9999.0000,20, 0,300.5612, 58.4443,     0.0000661,     0.0000412,     0.0000239,     0.0000092,     0.0000065,     0.0000059,     0.0000624,     0.0000386,     0.0000222,     0.0000082,     0.0000058,     0.0000053
50398,50408,50403,39.04010, -76.74600, 977.6380,  359.290,298.4921, 65.1276,    62.21, -9999.00, -9999.00, -9999.00,     0.0000974,     0.0000600,     0.0000324,     0.0000106,     0.0000094,     0.0000088, -9999, 25858,  3828,  1070,   309,   135,   210,-9999.0000,-9999.0000,-9999.0000,-9999.0000,-9999.0000,-9999.0000,-9999.0000,20, 0,300.6233, 57.4347,     0.0000729,     0.0000454,     0.0000248,     0.0000083,     0.0000074,     0.0000069,     0.0000688,     0.0000424,     0.0000229,     0.0000075,     0.0000067,     0.0000062
50408,50418,50413,39.03760, -76.73870, 977.0950,  364.780,298.6029, 64.1573,    62.88, -9999.00, -9999.00, -9999.00,     0.0000967,     0.0000576,     0.0000309,     0.0000117,     0.0000094,     0.0000052, -9999, 29812,  4216,  1144,   364,   136,   184,  766.0000,-9999.0000,-9999.0000,-9999.0000,-9999.0000, 1121.0000,-9999.0000,20, 0,300.7065, 56.6764,     0.0000735,     0.0000441,     0.0000239,     0.0000094,     0.0000075,     0.0000042,     0.0000689,     0.0000410,     0.0000221,     0.0000084,     0.0000067,     0.0000037
50418,50428,50423,39.03510, -76.73140, 976.0850,  348.920,298.6101, 64.4070,    62.94, -9999.00, -9999.00, -9999.00, -9999.0000000, -9999.0000000, -9999.0000000, -9999.0000000, -9999.0000000, -9999.0000000, -9999, 30183,  4492,  1157,   345,   139,   161,-9999.0000,-9999.0000,-9999.0000,-9999.0000,-9999.0000,-9999.0000,-9999.0000,20, 0,300.7138, 56.8969, -9999.0000000, -9999.0000000, -9999.0000000, -9999.0000000, -9999.0000000, -9999.0000000, -9999.0000000, -9999.0000000, -9999.0000000, -9999.0000000, -9999.0000000, -9999.0000000
50428,50438,50433,39.03250, -76.72410, 976.8330,  344.955,298.5171, 64.5670,    63.02, -9999.00, -9999.00, -9999.00,     0.0000966,     0.0000595,     0.0000317,     0.0000115,     0.0000079,     0.0000073, -9999, 25272,  3716,  1017,   324,   116,   169,-9999.0000,-9999.0000,-9999.0000,-9999.0000,-9999.0000,-9999.0000,-9999.0000,20, 0,300.6487, 56.9404,     0.0000725,     0.0000452,     0.0000244,     0.0000091,     0.0000063,     0.0000058,     0.0000686,     0.0000422,     0.0000225,     0.0000082,     0.0000056,     0.0000052
50438,50448,50443,39.02970, -76.71680, 978.2740,  345.565,298.4248, 64.6200,    63.31, -9999.00, -9999.00, -9999.00,     0.0000911,     0.0000556,     0.0000295,     0.0000114,     0.0000079,     0.0000060, -9999, 28967,  3945,  1117,   332,   122,   161,-9999.0000,-9999.0000,-9999.0000,-9999.0000,-9999.0000,-9999.0000,-9999.0000,20, 0,300.6152, 56.7862,     0.0000685,     0.0000423,     0.0000227,     0.0000091,     0.0000063,     0.0000047,     0.0000646,     0.0000394,     0.0000209,     0.0000081,     0.0000056,     0.0000042
50448,50458,50453,39.02690, -76.70950, 977.9000,  339.160,298.4798, 64.2452,    63.34, -9999.00, -9999.00, -9999.00,     0.0000883,     0.0000550,     0.0000315,     0.0000115,     0.0000083,     0.0000050, -9999, 24109,  3572,  1037,   301,   113,   162,-9999.0000,-9999.0000,-9999.0000,-9999.0000,-9999.0000,-9999.0000,-9999.0000,20, 0,300.6704, 56.4594,     0.0000664,     0.0000416,     0.0000241,     0.0000091,     0.0000066,     0.0000040,     0.0000629,     0.0000391,     0.0000225,     0.0000082,     0.0000059,     0.0000035
