verdi_dist/distfiles/data/release/obs/discoveraq-UMDAircraft_UMD-AIRCRAFT_20110728_R4_L1.ict
83, 1001
Stehr, Jeff
University of Maryland, College Park
Trace gases and aerosols measured by UMd aircraft
DISCOVER-AQ
1, 2
2011, 07, 28, 2012, 06, 10
0
Start_UTC, seconds
48
1,1,1,1,1,1,1,1,1,1,1,1,1,1,1,1,1,1,1,1,1,1,1,1,1,1,1,1,1,1,1,1,1,1,1,1,1,1,1,1,1,1,1,1,1,1,1,1
-9999, -9999, -9999, -9999, -9999, -9999, -9999, -9999, -9999, -9999, -9999, -9999, -9999, -9999, -9999, -9999, -9999, -9999, -9999, -9999, -9999, -9999, -9999, -9999, -9999, -9999, -9999, -9999, -9999, -9999, -9999, -9999, -9999, -9999, -9999, -9999, -9999, -9999, -9999, -9999, -9999, -9999, -9999, -9999, -9999, -9999, -9999, -9999
Stop_UTC, seconds
Mid_UTC, seconds
Latitude, degrees
Longitude, degrees
Pressure, hPa
GPSAlt, m
Temperature, K
RelHumidity, %
O3_ppbv, ppbv
CO_ppbv, ppbv
SO2_ppbv, ppbv
NO2_ppbv, ppbv
Bscat450, m-1
Bscat550, m-1
Bscat700, m-1
Bkscat450, m-1
Bkscat550, m-1
Bkscat700, m-1
PCounts, cm-3
nDp0.3-0.4, dm-3
nDp0.4-0.491, dm-3
nDp0.491-0.6, dm-3
nDp0.6-0.7, dm-3
nDp0.701-0.8, dm-3
nDp0.8+, dm-3
Bap370, ng/m3
Bap470, ng/m3
Bap520, ng/m3
Bap590, ng/m3
Bap660, ng/m3
Bap880, ng/m3
Bap950, ng/m3
Flight, UMd Number
Spiral, Airport Code
Raw_Temperature, K
Raw_RelHumidity, %
Raw_Bscat450, m-1
Raw_Bscat550, m-1
Raw_Bscat700, m-1
Raw_Bkscat450, m-1
Raw_Bkscat550, m-1
Raw_Bkscat700, m-1
fRH0_Bscat450, m-1
fRH0_Bscat550, m-1
fRH0_Bscat700, m-1
fRH0_Bkscat450, m-1
fRH0_Bkscat550, m-1
fRH0_Bkscat700, m-1
0
21
PI_CONTACT_INFO: 3417 Computer and Space Sciences Building, College Park, MD, 20742; Email: stehr@atmos.umd.edu; Office Phone: 301-405-7638
PLATFORM: University of Maryland Cessna 402B
LOCATION: Latitude, longitude, altitude, and pressure are included in the data records.
ASSOCIATED_DATA: N/A
INSTRUMENT_INFO: Garmin_90 (Time, Location, Altitude), Vaisala_PTU3000 (T, RH, P), TECO_49C (O3), TECO_48C (CO), TECO_43C (SO2), LGR_RMT-200 (NO2), TSI_3563_Neph (Bscat, Bkscat), TSI_3007_CPC (PCounts), MetOne_9012_ParticleProfiler (nDp), Magee_AE31_Aeth (Bap)
DATA_INFO: All data are 10-second averages.
UNCERTAINTY: -9999, -9999, -9999, -9999, -9999, 0.2hPa, 15m, 0.2K, 1.0%, 1.0ppbv, 20ppbv, 0.1ppbv, 0.7ppbv, 0.2E-6m-1, 0.2E-6m-1, 0.2E-6m-1, 0.2E-6m-1, 0.2E-6m-1, 0.2E-6m-1, -9999, -9999, -9999, -9999, -9999, -9999, -9999, 0.1ug/m3, 0.1ug/m3, 0.1ug/m3, 0.1ug/m3, 0.1ug/m3, 0.1ug/m3, 0.1ug/m3, -9999, -9999, 0.2K, 1.0%, 0.2E-6m-1, 0.2E-6m-1, 0.2E-6m-1, 0.2E-6m-1, 0.2E-6m-1, 0.2E-6m-1, 0.2E-6m-1, 0.2E-6m-1, 0.2E-6m-1, 0.2E-6m-1, 0.2E-6m-1, 0.2E-6m-1
ULOD_FLAG: -7777
ULOD_VALUE: N/A
LLOD_FLAG: -8888
LLOD_VALUE: N/A
DM_CONTACT_INFO: Heather Arkinson; University of Maryland College Park; heather@atmos.umd.edu
PROJECT_INFO: http://discover-aq.larc.nasa.gov/science.php
STIPULATIONS_ON_USE: Use of this data requires permission from the PI.
OTHER_COMMENTS: Airport Codes: Spiral=0 Non-spiral records, Spiral=11 North Bay Spirals
REVISION: R4;R3;R2;R1
R4: Final updates to header information uploaded as R4
R3: Final updates to scattering coefficients uploaded as R3
R2: Interim updates to CPC, NO2, RH, and T uploaded as RB
R1: Initial field data quick summaries uploaded as RA
Start_UTC, Stop_UTC, Mid_UTC, Latitude, Longitude, Pressure, GPSAlt, Temperature, RelHumidity, O3_ppbv, CO_ppbv, SO2_ppbv, NO2_ppbv, Bscat450, Bscat550, Bscat700, Bkscat450, Bkscat550, Bkscat700, PCounts, nDp0.3-0.4, nDp0.4-0.491, nDp0.491-0.6, nDp0.6-0.7, nDp0.701-0.8, nDp0.8+, Bap370, Bap470, Bap520, Bap590, Bap660, Bap880, Bap950, Flight, Spiral, Raw_Temperature, Raw_RelHumidity, Raw_Bscat450, Raw_Bscat550, Raw_Bscat700, Raw_Bkscat450, Raw_Bkscat550, Raw_Bkscat700, fRH0_Bscat450, fRH0_Bscat550, fRH0_Bscat700, fRH0_Bkscat450, fRH0_Bkscat550, fRH0_Bkscat700
[from data line 239]
52558,52568,52563,39.18630, -76.28410, 760.5450, 2547.970,287.1175, 54.3652,    56.09,    92.95,     0.22,    -0.14, -9999.0000000, -9999.0000000, -9999.0000000, -9999.0000000, -9999.0000000, -9999.0000000,   372,  5225,   878,   250,    69,    32,    83,-9999.0000,-9999.0000,-9999.0000,-9999.0000,-9999.0000,-9999.0000,-9999.0000,20,11,289.5132, 46.6025, -9999.0000000, -9999.0000000, -9999.0000000, -9999.0000000, -9999.0000000, -9999.0000000, -9999.0000000, -9999.0000000, -9999.0000000, -9999.0000000, -9999.0000000, -9999.0000000
52568,52578,52573,39.18060, -76.27900, 758.3630, 2577.550,286.8124, 51.6209,    55.40,    98.43,     0.15,    -0.14,     0.0000180,     0.0000104,     0.0000060,     0.0000007,     0.0000014,     0.0000018,   360,  4196,   718,   191,    58,    33,    72, 1215.0000,-9999.0000,-9999.0000,-9999.0000,-9999.0000, -429.0000,-9999.0000,20,11,289.4428, 43.5763,     0.0000146,     0.0000084,     0.0000048,     0.0000006,     0.0000012,     0.0000015,     0.0000142,     0.0000082,     0.0000047,     0.0000005,     0.0000011,     0.0000014
52578,52588,52583,39.17710, -76.27150, 755.7490, 2605.000,286.9141, 48.6367,    54.79,   101.10,     0.12,    -0.10,     0.0000136,     0.0000087,     0.0000056,     0.0000027,     0.0000015,     0.0000012,   279,  3716,   590,   167,    78,    35,    63,-9999.0000,-9999.0000,-9999.0000,-9999.0000,-9999.0000,-9999.0000,-9999.0000,20,11,289.4325, 41.3568,     0.0000110,     0.0000070,     0.0000045,     0.0000023,     0.0000012,     0.0000011,     0.0000109,     0.0000069,     0.0000045,     0.0000022,     0.0000012,     0.0000010
52588,52598,52593,39.17610, -76.26300, 752.8910, 2629.100,287.0045, 46.8847,    54.81,    98.04,     0.04,    -0.10,     0.0000089,     0.0000071,     0.0000035,     0.0000008,     0.0000009,     0.0000009,   250,  2743,   485,   127,    57,    19,    44,-9999.0000,-9999.0000,-9999.0000,-9999.0000,-9999.0000,-9999.0000,-9999.0000,20,11,289.4343, 40.0972,     0.0000068,     0.0000057,     0.0000029,     0.0000007,     0.0000008,     0.0000008,     0.0000072,     0.0000058,     0.0000028,     0.0000006,     0.0000007,     0.0000007
52598,52608,52603,39.17780, -76.25530, 749.9820, 2651.360,287.3340, 40.6530,    54.75,    98.17,    -0.01,    -0.10,     0.0000088,     0.0000062,     0.0000043,     0.0000014,     0.0000007,     0.0000001,   241,  2457,   452,   102,    45,    18,    36,-9999.0000,-9999.0000,-9999.0000,-9999.0000,-9999.0000,-9999.0000,-9999.0000,20,11,289.4435, 35.4983,     0.0000073,     0.0000051,     0.0000036,     0.0000013,     0.0000006,     0.0000001,     0.0000074,     0.0000052,     0.0000037,     0.0000012,     0.0000006,     0.0000001
52608,52618,52613,39.18170, -76.24970, 747.4420, 2679.730,287.5674, 34.6524,    54.52,    95.69,    -0.04,    -0.10,     0.0000080,     0.0000040,     0.0000027,     0.0000011,     0.0000010,     0.0000006,   247,  1927,   337,   112,    45,    20,    37,-9999.0000,-9999.0000,-9999.0000,-9999.0000,-9999.0000,-9999.0000,-9999.0000,20,11,289.4340, 30.7381,     0.0000073,     0.0000036,     0.0000024,     0.0000010,     0.0000009,     0.0000006,     0.0000069,     0.0000035,     0.0000024,     0.0000009,     0.0000009,     0.0000005
52618,52628,52623,39.18690, -76.24730, 745.3170, 2705.040,287.6502, 29.5684,    54.34,    89.89,    -0.07,    -0.09,     0.0000071,     0.0000043,     0.0000036,     0.0000003,     0.0000008,     0.0000002,   231,  1750,   323,    86,    41,    13,    33,-9999.0000,-9999.0000,-9999.0000,-9999.0000,-9999.0000,-9999.0000,-9999.0000,20,11,289.3231, 26.5562,     0.0000064,     0.0000037,     0.0000031,     0.0000003,     0.0000007,     0.0000002,     0.0000063,     0.0000039,     0.0000032,     0.0000003,     0.0000007,     0.0000002
52628,52638,52633,39.19200, -76.24860, 743.3570, 2712.980,287.6489, 25.4477,    53.61,    88.55,    -0.04,    -0.11,     0.0000060,     0.0000040,     0.0000023,    -0.0000002,     0.0000006,    -0.0000006,   208,  1570,   296,    78,    39,    26,    40,  391.0000,-9999.0000,-9999.0000,-9999.0000,-9999.0000, 1453.0000,-9999.0000,20,11,289.1322, 23.1337,     0.0000053,     0.0000036,     0.0000021,    -0.0000002,     0.0000006,    -0.0000006,     0.0000055,     0.0000037,     0.0000021,    -0.0000002,     0.0000006,    -0.0000006
52638,52648,52643,39.19590, -76.25310, 742.0700, 2717.250,287.4514, 22.5101,    53.85,    85.20,    -0.02,    -0.12,     0.0000055,     0.0000035,     0.0000038,     0.0000007,     0.0000008,    -0.0000004,   181,  1423,   251,   111,    31,    22,    39,-9999.0000,-9999.0000,-9999.0000,-9999.0000,-9999.0000,-9999.0000,-9999.0000,20,11,288.9537, 20.4354,     0.0000050,     0.0000030,     0.0000032,     0.0000007,     0.0000008,    -0.0000004,     0.0000050,     0.0000032,     0.0000035,     0.0000007,     0.0000007,    -0.0000003
52648,52658,52653,39.19800, -76.25980, 741.8770, 2719.990,287.0897, 21.7068,    54.60,    86.28,    -0.12,    -0.10, -9999.0000000, -9999.0000000, -9999.0000000, -9999.0000000, -9999.0000000, -9999.0000000,   171,  1072,   234,    66,    40,    15,    34,-9999.0000,-9999.0000,-9999.0000,-9999.0000,-9999.0000,-9999.0000,-9999.0000,20, 0,288.8100, 19.4272, -9999.0000000, -9999.0000000, -9999.0000000, -9999.0000000, -9999.0000000, -9999.0000000, -9999.0000000, -9999.0000000, -9999.0000000, -9999.0000000, -9999.0000000, -9999.0000000
52658,52668,52663,39.19790, -76.26740, 741.6670, 2724.260,286.7994, 25.4178,    55.58, -9999.00, -9999.00, -9999.00,     0.0000040,     0.0000030,     0.0000010,     0.0000021,     0.0000006,    -0.0000001,   199,  1327,   231,    89,    36,    22,    31,-9999.0000,-9999.0000,-9999.0000,-9999.0000,-9999.0000,-9999.0000,-9999.0000,20, 0,288.7011, 22.4796,     0.0000034,     0.0000028,     0.0000009,     0.0000020,     0.0000006,    -0.0000001,     0.0000037,     0.0000027,     0.0000009,     0.0000019,     0.0000006,    -0.0000001
52668,52678,52673,39.19600, -76.27490, 741.4350, 2721.820,286.5421, 31.3670,    56.38, -9999.00, -9999.00, -9999.00,     0.0000071,     0.0000051,     0.0000043,     0.0000013,     0.0000007,     0.0000014,   180,  2042,   357,   106,    52,    20,    43,-9999.0000,-9999.0000,-9999.0000,-9999.0000,-9999.0000,-9999.0000,-9999.0000,20, 0,288.5904, 27.4744,     0.0000060,     0.0000043,     0.0000037,     0.0000012,     0.0000007,     0.0000013,     0.0000063,     0.0000045,     0.0000038,     0.0000012,     0.0000007,     0.0000012
52678,52688,52683,39.19360, -76.28220, 741.2880, 2720.910,286.4456, 34.8842,    57.39, -9999.00, -9999.00, -9999.00,     0.0000086,     0.0000054,     0.0000039,     0.0000018,     0.0000015,     0.0000025,   192,  2292,   392,   113,    55,    29,    38,-9999.0000,-9999.0000,-9999.0000,-9999.0000,-9999.0000,-9999.0000,-9999.0000,20, 0,288.5142, 30.5122,     0.0000074,     0.0000046,     0.0000033,     0.0000016,     0.0000014,     0.0000023,     0.0000075,     0.0000046,     0.0000034,     0.0000015,     0.0000013,     0.0000022
52688,52698,52693,39.19130, -76.28960, 741.6360, 2721.820,286.3472, 36.6068,    58.10, -9999.00, -9999.00, -9999.00,     0.0000079,     0.0000046,     0.0000031,     0.0000008,     0.0000005,     0.0000008,   193,  2269,   388,   113,    44,    11,    32, -157.0000,-9999.0000,-9999.0000,-9999.0000,-9999.0000,-9999.0000,-9999.0000,20, 0,288.4384, 31.9692,     0.0000069,     0.0000039,     0.0000026,     0.0000007,     0.0000004,     0.0000007,     0.0000068,     0.0000039,     0.0000027,     0.0000007,     0.0000004,     0.0000007
52698,52708,52703,39.18900, -76.29690, 741.6690, 2720.910,286.3511, 36.6970,    58.78, -9999.00, -9999.00, -9999.00,     0.0000078,     0.0000054,     0.0000040,     0.0000007,     0.0000006,     0.0000017,   191,  2331,   424,   135,    40,    21,    37,-9999.0000,-9999.0000,-9999.0000,-9999.0000,-9999.0000,-9999.0000,-9999.0000,20, 0,288.3944, 32.1469,     0.0000066,     0.0000045,     0.0000033,     0.0000007,     0.0000005,     0.0000015,     0.0000067,     0.0000046,     0.0000034,     0.0000006,     0.0000005,     0.0000014
52708,52718,52713,39.18660, -76.30410, 741.6570, 2721.510,286.3813, 36.6342,    58.98, -9999.00, -9999.00, -9999.00,     0.0000086,     0.0000052,     0.0000049,     0.0000015,     0.0000011,     0.0000013,   194,  3448,   399,   109,    49,    18,    37,-9999.0000,-9999.0000,-9999.0000,-9999.0000,-9999.0000,-9999.0000,-9999.0000,20, 0,288.4029, 32.1377,     0.0000075,     0.0000043,     0.0000040,     0.0000013,     0.0000010,     0.0000012,     0.0000074,     0.0000044,     0.0000042,     0.0000012,     0.0000009,     0.0000012
52718,52728,52723,39.18230, -76.31020, 741.9950, 2726.400,286.1898, 37.6277,    59.36, -9999.00, -9999.00, -9999.00,     0.0000077,     0.0000047,     0.0000031,     0.0000001,     0.0000013,     0.0000006,   178, 15331,   447,   127,    47,    33,    29,-9999.0000,-9999.0000,-9999.0000,-9999.0000,-9999.0000,-9999.0000,-9999.0000,20, 0,288.4257, 32.5509,     0.0000066,     0.0000040,     0.0000026,     0.0000001,     0.0000012,     0.0000005,     0.0000066,     0.0000040,     0.0000026,     0.0000001,     0.0000011,     0.0000005
52728,52738,52733,39.17630, -76.31400, 741.6250, 2722.430,286.0003, 38.8589,    58.92, -9999.00, -9999.00, -9999.00,     0.0000088,     0.0000058,     0.0000022,     0.0000020,     0.0000007,    -0.0000005,   185, 20927,   452,   138,    44,    26,    44,-9999.0000,-9999.0000,-9999.0000,-9999.0000,-9999.0000,-9999.0000,-9999.0000,20, 0,288.4441, 33.1624,     0.0000073,     0.0000050,     0.0000020,     0.0000018,     0.0000006,    -0.0000005,     0.0000074,     0.0000049,     0.0000019,     0.0000017,     0.0000006,    -0.0000004
52738,52748,52743,39.16940, -76.31470, 741.6690, 2721.820,285.7991, 42.9544,    57.81, -9999.00, -9999.00, -9999.00, -9999.0000000, -9999.0000000, -9999.0000000, -9999.0000000, -9999.0000000, -9999.0000000,   206, 16962,   497,   135,    59,    24,    28,-9999.0000,-9999.0000,-9999.0000,-9999.0000,-9999.0000,-9999.0000,-9999.0000,20, 0,288.4179, 36.2384, -9999.0000000, -9999.0000000, -9999.0000000, -9999.0000000, -9999.0000000, -9999.0000000, -9999.0000000, -9999.0000000, -9999.0000000, -9999.0000000, -9999.0000000, -9999.0000000
52748,52758,52753,39.16260, -76.31190, 741.8420, 2720.910,285.6078, 42.5515,    57.14, -9999.00, -9999.00, -9999.00,     0.0000102,     0.0000063,     0.0000053,     0.0000012,     0.0000010,     0.0000004,   203,  6423,   539,   148,    53,    26,    48,  -89.0000,-9999.0000,-9999.0000,-9999.0000,-9999.0000, 1769.0000,-9999.0000,20, 0,288.3916, 35.5104,     0.0000085,     0.0000051,     0.0000043,     0.0000010,     0.0000009,     0.0000004,     0.0000085,     0.0000053,     0.0000044,     0.0000010,     0.0000008,     0.0000004
52758,52768,52763,39.15690, -76.30610, 741.8860, 2718.470,285.5806, 37.2600,    56.65, -9999.00, -9999.00, -9999.00,     0.0000095,     0.0000061,     0.0000047,     0.0000015,     0.0000012,     0.0000010,   191,  2475,   439,   134,    55,    22,    48,-9999.0000,-9999.0000,-9999.0000,-9999.0000,-9999.0000,-9999.0000,-9999.0000,20, 0,288.4597, 30.9034,     0.0000081,     0.0000051,     0.0000039,     0.0000014,     0.0000011,     0.0000009,     0.0000081,     0.0000052,     0.0000040,     0.0000013,     0.0000010,     0.0000009
52768,52778,52773,39.15320, -76.29810, 742.0160, 2718.470,285.7291, 32.9152,    56.36, -9999.00, -9999.00, -9999.00,     0.0000079,     0.0000042,     0.0000005,     0.0000010,     0.0000015,    -0.0000005,   203,  1875,   362,   105,    52,    19,    49,-9999.0000,-9999.0000,-9999.0000,-9999.0000,-9999.0000,-9999.0000,-9999.0000,20, 0,288.5790, 27.3571,     0.0000069,     0.0000043,     0.0000005,     0.0000010,     0.0000013,    -0.0000005,     0.0000070,     0.0000037,     0.0000004,     0.0000009,     0.0000013,    -0.0000004
52778,52788,52783,39.15220, -76.28920, 741.9670, 2718.160,286.0515, 30.1482,    56.25, -9999.00, -9999.00, -9999.00,     0.0000072,     0.0000055,     0.0000043,     0.0000012,     0.0000007,     0.0000007,   194,  1933,   309,   102,    40,    25,    33,-9999.0000,-9999.0000,-9999.0000,-9999.0000,-9999.0000,-9999.0000,-9999.0000,20, 0,288.7097, 25.3787,     0.0000061,     0.0000046,     0.0000037,     0.0000011,     0.0000006,     0.0000006,     0.0000064,     0.0000049,     0.0000038,     0.0000010,     0.0000006,     0.0000006
52788,52798,52793,39.15400, -76.28080, 741.8890, 2718.160,286.2990, 29.0506,    55.95, -9999.00, -9999.00, -9999.00,     0.0000085,     0.0000060,     0.0000029,     0.0000010,     0.0000013,     0.0000010,   197,  1859,   325,    99,    47,    29,    28,-9999.0000,-9999.0000,-9999.0000,-9999.0000,-9999.0000,-9999.0000,-9999.0000,20, 0,288.7967, 24.7156,     0.0000073,     0.0000053,     0.0000027,     0.0000009,     0.0000012,     0.0000009,     0.0000076,     0.0000053,     0.0000026,     0.0000009,     0.0000012,     0.0000009
52798,52808,52803,39.15800, -76.27450, 741.9870, 2719.990,286.6374, 30.6866,    56.21, -9999.00, -9999.00, -9999.00,     0.0000069,     0.0000050,     0.0000033,     0.0000007,     0.0000011,     0.0000010,   203,  5167,   380,   116,    40,    26,    29,-9999.0000,-9999.0000,-9999.0000,-9999.0000,-9999.0000,-9999.0000,-9999.0000,20, 0,288.8200, 26.6506,     0.0000058,     0.0000043,     0.0000029,     0.0000006,     0.0000010,     0.0000009,     0.0000061,     0.0000044,     0.0000029,     0.0000006,     0.0000010,     0.0000008
52808,52818,52813,39.16340, -76.27120, 741.9730, 2720.600,286.8266, 34.0107,    57.13, -9999.00, -9999.00, -9999.00,     0.0000079,     0.0000053,     0.0000051,     0.0000018,     0.0000014,     0.0000021,   205, 13645,   472,   127,    41,    18,    43, -352.0000,-9999.0000,-9999.0000,-9999.0000,-9999.0000,   97.0000,-9999.0000,20, 0,288.7831, 29.9744,     0.0000068,     0.0000044,     0.0000042,     0.0000016,     0.0000012,     0.0000019,     0.0000069,     0.0000046,     0.0000044,     0.0000015,     0.0000012,     0.0000018
52818,52828,52823,39.16900, -76.27160, 741.9780, 2721.510,287.0231, 34.5850,    57.84, -9999.00, -9999.00, -9999.00, -9999.0000000, -9999.0000000, -9999.0000000, -9999.0000000, -9999.0000000, -9999.0000000,   184,  8484,   492,   121,    49,    18,    44,-9999.0000,-9999.0000,-9999.0000,-9999.0000,-9999.0000,-9999.0000,-9999.0000,20, 0,288.7481, 30.9419, -9999.0000000, -9999.0000000, -9999.0000000, -9999.0000000, -9999.0000000, -9999.0000000, -9999.0000000, -9999.0000000, -9999.0000000, -9999.0000000, -9999.0000000, -9999.0000000
52828,52838,52833,39.17350, -76.27530, 741.9840, 2722.430,287.1688, 33.3819,    58.36, -9999.00, -9999.00, -9999.00,     0.0000090,     0.0000056,     0.0000039,     0.0000007,     0.0000007,     0.0000009,   183,  2312,   413,   144,    54,    15,    36,-9999.0000,-9999.0000,-9999.0000,-9999.0000,-9999.0000,-9999.0000,-9999.0000,20, 0,288.7314, 30.1817,     0.0000079,     0.0000048,     0.0000034,     0.0000007,     0.0000006,     0.0000008,     0.0000079,     0.0000049,     0.0000034,     0.0000007,     0.0000006,     0.0000007
52838,52848,52843,39.17580, -76.28150, 741.9400, 2724.260,287.1184, 33.1640,    58.65, -9999.00, -9999.00, -9999.00,     0.0000073,     0.0000049,     0.0000028,     0.0000007,     0.0000016,     0.0000006,   192,  2082,   398,   112,    49,    25,    55,-9999.0000,-9999.0000,-9999.0000,-9999.0000,-9999.0000,-9999.0000,-9999.0000,20, 0,288.6762, 29.9926,     0.0000062,     0.0000043,     0.0000025,     0.0000007,     0.0000015,     0.0000005,     0.0000064,     0.0000043,     0.0000024,     0.0000006,     0.0000014,     0.0000005
