verdi_dist/distfiles/data/release/obs/discoveraq-UMDAircraft_UMD-AIRCRAFT_20110728_R4_L1.ict
83, 1001
Stehr, Jeff
University of Maryland, College Park
Trace gases and aerosols measured by UMd aircraft
DISCOVER-AQ
1, 2
2011, 07, 28, 2012, 06, 10
0
Start_UTC, seconds
48
1,1,1,1,1,1,1,1,1,1,1,1,1,1,1,1,1,1,1,1,1,1,1,1,1,1,1,1,1,1,1,1,1,1,1,1,1,1,1,1,1,1,1,1,1,1,1,1
-9999, -9999, -9999, -9999, -9999, -9999, -9999, -9999, -9999, -9999, -9999, -9999, -9999, -9999, -9999, -9999, -9999, -9999, -9999, -9999, -9999, -9999, -9999, -9999, -9999, -9999, -9999, -9999, -9999, -9999, -9999, -9999, -9999, -9999, -9999, -9999, -9999, -9999, -9999, -9999, -9999, -9999, -9999, -9999, -9999, -9999, -9999, -9999
Stop_UTC, seconds
Mid_UTC, seconds
Latitude, degrees
Longitude, degrees
Pressure, hPa
GPSAlt, m
Temperature, K
RelHumidity, %
O3_ppbv, ppbv
CO_ppbv, ppbv
SO2_ppbv, ppbv
NO2_ppbv, ppbv
Bscat450, m-1
Bscat550, m-1
Bscat700, m-1
Bkscat450, m-1
Bkscat550, m-1
Bkscat700, m-1
PCounts, cm-3
nDp0.3-0.4, dm-3
nDp0.4-0.491, dm-3
nDp0.491-0.6, dm-3
nDp0.6-0.7, dm-3
nDp0.701-0.8, dm-3
nDp0.8+, dm-3
Bap370, ng/m3
Bap470, ng/m3
Bap520, ng/m3
Bap590, ng/m3
Bap660, ng/m3
Bap880, ng/m3
Bap950, ng/m3
Flight, UMd Number
Spiral, Airport Code
Raw_Temperature, K
Raw_RelHumidity, %
Raw_Bscat450, m-1
Raw_Bscat550, m-1
Raw_Bscat700, m-1
Raw_Bkscat450, m-1
Raw_Bkscat550, m-1
Raw_Bkscat700, m-1
fRH0_Bscat450, m-1
fRH0_Bscat550, m-1
fRH0_Bscat700, m-1
fRH0_Bkscat450, m-1
fRH0_Bkscat550, m-1
fRH0_Bkscat700, m-1
0
21
PI_CONTACT_INFO: 3417 Computer and Space Sciences Building, College Park, MD, 20742; Email: stehr@atmos.umd.edu; Office Phone: 301-405-7638
PLATFORM: University of Maryland Cessna 402B
LOCATION: Latitude, longitude, altitude, and pressure are included in the data records.
ASSOCIATED_DATA: N/A
INSTRUMENT_INFO: Garmin_90 (Time, Location, Altitude), Vaisala_PTU3000 (T, RH, P), TECO_49C (O3), TECO_48C (CO), TECO_43C (SO2), LGR_RMT-200 (NO2), TSI_3563_Neph (Bscat, Bkscat), TSI_3007_CPC (PCounts), MetOne_9012_ParticleProfiler (nDp), Magee_AE31_Aeth (Bap)
DATA_INFO: All data are 10-second averages.
UNCERTAINTY: -9999, -9999, -9999, -9999, -9999, 0.2hPa, 15m, 0.2K, 1.0%, 1.0ppbv, 20ppbv, 0.1ppbv, 0.7ppbv, 0.2E-6m-1, 0.2E-6m-1, 0.2E-6m-1, 0.2E-6m-1, 0.2E-6m-1, 0.2E-6m-1, -9999, -9999, -9999, -9999, -9999, -9999, -9999, 0.1ug/m3, 0.1ug/m3, 0.1ug/m3, 0.1ug/m3, 0.1ug/m3, 0.1ug/m3, 0.1ug/m3, -9999, -9999, 0.2K, 1.0%, 0.2E-6m-1, 0.2E-6m-1, 0.2E-6m-1, 0.2E-6m-1, 0.2E-6m-1, 0.2E-6m-1, 0.2E-6m-1, 0.2E-6m-1, 0.2E-6m-1, 0.2E-6m-1, 0.2E-6m-1, 0.2E-6m-1
ULOD_FLAG: -7777
ULOD_VALUE: N/A
LLOD_FLAG: -8888
LLOD_VALUE: N/A
DM_CONTACT_INFO: Heather Arkinson; University of Maryland College Park; heather@atmos.umd.edu
PROJECT_INFO: http://discover-aq.larc.nasa.gov/science.php
STIPULATIONS_ON_USE: Use of this data requires permission from the PI.
OTHER_COMMENTS: Airport Codes: Spiral=0 Non-spiral records, Spiral=11 North Bay Spirals
REVISION: R4;R3;R2;R1
R4: Final updates to header information uploaded as R4
R3: Final updates to scattering coefficients uploaded as R3
R2: Interim updates to CPC, NO2, RH, and T uploaded as RB
R1: Initial field data quick summaries uploaded as RA
Start_UTC, Stop_UTC, Mid_UTC, Latitude, Longitude, Pressure, GPSAlt, Temperature, RelHumidity, O3_ppbv, CO_ppbv, SO2_ppbv, NO2_ppbv, Bscat450, Bscat550, Bscat700, Bkscat450, Bkscat550, Bkscat700, PCounts, nDp0.3-0.4, nDp0.4-0.491, nDp0.491-0.6, nDp0.6-0.7, nDp0.701-0.8, nDp0.8+, Bap370, Bap470, Bap520, Bap590, Bap660, Bap880, Bap950, Flight, Spiral, Raw_Temperature, Raw_RelHumidity, Raw_Bscat450, Raw_Bscat550, Raw_Bscat700, Raw_Bkscat450, Raw_Bkscat550, Raw_Bkscat700, fRH0_Bscat450, fRH0_Bscat550, fRH0_Bscat700, fRH0_Bkscat450, fRH0_Bkscat550, fRH0_Bkscat700
[from data line 359]
53758,53768,53763,39.15240, -76.25870, 856.4560, 1501.820,289.7243, 91.5777,    75.85,   190.06,     1.54,     0.42, -9999.0000000, -9999.0000000, -9999.0000000, -9999.0000000, -9999.0000000, -9999.0000000,  3176, 52120,  7672,  1732,   479,   154,   141,-9999.0000,-9999.0000,-9999.0000,-9999.0000,-9999.0000,-9999.0000,-9999.0000,20,11,292.5523, 76.6516, -9999.0000000, -9999.0000000, -9999.0000000, -9999.0000000, -9999.0000000, -9999.0000000, -9999.0000000, -9999.0000000, -9999.0000000, -9999.0000000, -9999.0000000, -9999.0000000
53768,53778,53773,39.15860, -76.26300, 859.3780, 1461.860,290.0012, 90.1674,    77.54,   189.94,     1.84,     0.45,     0.0002141,     0.0001351,     0.0000723,     0.0000217,     0.0000183,     0.0000137,  3389, 50651,  7290,  1760,   471,   152,   136,  512.0000,-9999.0000,-9999.0000,-9999.0000,-9999.0000,  189.0000,-9999.0000,20,11,292.7099, 76.0618,     0.0001040,     0.0000666,     0.0000362,     0.0000112,     0.0000094,     0.0000071,     0.0000996,     0.0000628,     0.0000336,     0.0000101,     0.0000085,     0.0000064
53778,53788,53783,39.16340, -76.26950, 862.4110, 1430.450,290.2467, 89.1158,    79.60,   188.82,     1.98,     0.50,     0.0002123,     0.0001273,     0.0000672,     0.0000228,     0.0000182,     0.0000107,  3603, 52850,  7222,  1727,   453,   149,   152,-9999.0000,-9999.0000,-9999.0000,-9999.0000,-9999.0000,-9999.0000,-9999.0000,20,11,292.8949, 75.4818,     0.0001080,     0.0000654,     0.0000349,     0.0000122,     0.0000097,     0.0000057,     0.0001021,     0.0000612,     0.0000323,     0.0000110,     0.0000088,     0.0000051
53788,53798,53793,39.16640, -76.27740, 864.8690, 1405.440,290.5922, 87.8894,    80.68,   196.39,     2.11,     0.50,     0.0001952,     0.0001214,     0.0000648,     0.0000204,     0.0000166,     0.0000148,  3493, 48265,  6831,  1559,   416,   125,   129,-9999.0000,-9999.0000,-9999.0000,-9999.0000,-9999.0000,-9999.0000,-9999.0000,20,11,293.1362, 74.9584,     0.0001020,     0.0000643,     0.0000348,     0.0000113,     0.0000092,     0.0000082,     0.0000973,     0.0000605,     0.0000323,     0.0000102,     0.0000083,     0.0000074
53798,53808,53803,39.16760, -76.28580, 866.9570, 1381.950,290.9868, 86.2155,    81.34,   196.25,     2.14,     0.47,     0.0001906,     0.0001140,     0.0000612,     0.0000189,     0.0000168,     0.0000090,  3387, 50803,  6779,  1576,   403,   120,   117,-9999.0000,-9999.0000,-9999.0000,-9999.0000,-9999.0000,-9999.0000,-9999.0000,20,11,293.3863, 74.2260,     0.0001050,     0.0000633,     0.0000343,     0.0000109,     0.0000097,     0.0000052,     0.0000991,     0.0000593,     0.0000318,     0.0000098,     0.0000088,     0.0000047
53808,53818,53813,39.16800, -76.29430, 868.7090, 1359.390,291.2090, 85.0994,    81.14,   199.95,     2.07,     0.48,     0.0001762,     0.0001113,     0.0000615,     0.0000194,     0.0000164,     0.0000116,  3362, 54463,  6839,  1552,   445,   144,   133,-9999.0000,-9999.0000,-9999.0000,-9999.0000,-9999.0000,-9999.0000,-9999.0000,20,11,293.5941, 73.3490,     0.0000984,     0.0000629,     0.0000352,     0.0000115,     0.0000097,     0.0000069,     0.0000940,     0.0000594,     0.0000328,     0.0000103,     0.0000088,     0.0000062
53818,53828,53823,39.16830, -76.30270, 870.7120, 1338.340,291.4520, 83.7842,    79.94,   199.90,     2.03,     0.47,     0.0001817,     0.0001119,     0.0000596,     0.0000190,     0.0000158,     0.0000144,  3307, 48803,  6558,  1555,   430,   134,   125,-9999.0000,-9999.0000,-9999.0000,-9999.0000,-9999.0000,-9999.0000,-9999.0000,20,11,293.7782, 72.4984,     0.0001050,     0.0000655,     0.0000353,     0.0000116,     0.0000097,     0.0000088,     0.0000997,     0.0000614,     0.0000327,     0.0000104,     0.0000087,     0.0000079
53828,53838,53833,39.16860, -76.31110, 872.7090, 1315.160,291.6198, 82.9955,    78.49,   187.84,     2.03,     0.47,     0.0001740,     0.0001079,     0.0000583,     0.0000174,     0.0000153,     0.0000142,  3141, 64544,  7129,  1637,   432,   135,   140,  595.0000,-9999.0000,-9999.0000,-9999.0000,-9999.0000,  851.0000,-9999.0000,20,11,293.9460, 71.8295,     0.0001020,     0.0000640,     0.0000350,     0.0000108,     0.0000095,     0.0000088,     0.0000970,     0.0000601,     0.0000325,     0.0000097,     0.0000085,     0.0000079
53838,53848,53843,39.16840, -76.31930, 874.6950, 1292.590,291.9085, 81.6318,    77.60,   186.38,     1.91,     0.43,     0.0001631,     0.0000992,     0.0000518,     0.0000156,     0.0000146,     0.0000124,  2662, 46207,  6651,  1637,   421,   127,   129,-9999.0000,-9999.0000,-9999.0000,-9999.0000,-9999.0000,-9999.0000,-9999.0000,20,11,294.1236, 71.1561,     0.0000985,     0.0000607,     0.0000321,     0.0000099,     0.0000093,     0.0000079,     0.0000932,     0.0000567,     0.0000296,     0.0000089,     0.0000083,     0.0000071
53848,53858,53853,39.16630, -76.32700, 876.8640, 1273.380,292.0940, 80.9590,    76.38,   185.93,     1.81,     0.42,     0.0001540,     0.0000947,     0.0000516,     0.0000158,     0.0000139,     0.0000109,  3122, 41660,  6126,  1411,   361,   123,   121,-9999.0000,-9999.0000,-9999.0000,-9999.0000,-9999.0000,-9999.0000,-9999.0000,20,11,294.2869, 70.6795,     0.0000940,     0.0000584,     0.0000322,     0.0000102,     0.0000090,     0.0000070,     0.0000891,     0.0000548,     0.0000299,     0.0000092,     0.0000081,     0.0000063
53858,53868,53863,39.16240, -76.33330, 878.7250, 1258.730,292.2678, 80.7616,    75.34,   180.11,     1.61,     0.39, -9999.0000000, -9999.0000000, -9999.0000000, -9999.0000000, -9999.0000000, -9999.0000000,  3242, 45148,  6280,  1526,   387,   147,   136,-9999.0000,-9999.0000,-9999.0000,-9999.0000,-9999.0000,-9999.0000,-9999.0000,20,11,294.4075, 70.7506, -9999.0000000, -9999.0000000, -9999.0000000, -9999.0000000, -9999.0000000, -9999.0000000, -9999.0000000, -9999.0000000, -9999.0000000, -9999.0000000, -9999.0000000, -9999.0000000
53868,53878,53873,39.15710, -76.33760, 880.5750, 1236.170,292.3559, 81.9171,    74.45,   181.70,     1.43,     0.35,     0.0001623,     0.0000976,     0.0000550,     0.0000169,     0.0000135,     0.0000103,  3351, 42820,  6271,  1503,   418,   145,   106,-9999.0000,-9999.0000,-9999.0000,-9999.0000,-9999.0000,-9999.0000,-9999.0000,20,11,294.5031, 71.7365,     0.0000980,     0.0000592,     0.0000336,     0.0000107,     0.0000086,     0.0000066,     0.0000923,     0.0000555,     0.0000313,     0.0000096,     0.0000077,     0.0000059
53878,53888,53883,39.15080, -76.33950, 882.6390, 1227.020,292.2810, 84.0417,    74.96,   181.43,     1.31,     0.32,     0.0001746,     0.0001061,     0.0000565,     0.0000164,     0.0000157,     0.0000121,  3223, 51468,  7663,  1820,   536,   141,   167,-9999.0000,-9999.0000,-9999.0000,-9999.0000,-9999.0000,-9999.0000,-9999.0000,20,11,294.5724, 72.9437,     0.0001010,     0.0000620,     0.0000334,     0.0000100,     0.0000095,     0.0000074,     0.0000953,     0.0000579,     0.0000308,     0.0000089,     0.0000085,     0.0000066
53888,53898,53893,39.14430, -76.33850, 884.9800, 1213.590,292.3485, 84.7631,    76.27,   183.70,     1.21,     0.33,     0.0001770,     0.0001133,     0.0000655,     0.0000185,     0.0000157,     0.0000114,  3256, 49118,  7664,  1842,   504,   154,   137,  462.0000,-9999.0000,-9999.0000,-9999.0000,-9999.0000, -148.0000,-9999.0000,20,11,294.6937, 73.3333,     0.0001000,     0.0000646,     0.0000378,     0.0000111,     0.0000094,     0.0000068,     0.0000951,     0.0000609,     0.0000352,     0.0000099,     0.0000084,     0.0000061
53898,53908,53903,39.13820, -76.33490, 887.3560, 1200.180,292.3678, 87.0531,    77.55,   188.20,     1.18,     0.34,     0.0001968,     0.0001233,     0.0000718,     0.0000196,     0.0000166,     0.0000141,  3972, 52709,  7863,  1990,   512,   141,   154,-9999.0000,-9999.0000,-9999.0000,-9999.0000,-9999.0000,-9999.0000,-9999.0000,20,11,294.8299, 74.7793,     0.0001060,     0.0000668,     0.0000393,     0.0000112,     0.0000095,     0.0000081,     0.0001002,     0.0000628,     0.0000366,     0.0000100,     0.0000085,     0.0000072
53908,53918,53913,39.13310, -76.32880, 889.7940, 1190.110,292.2858, 88.4344,    78.11,   191.59,     1.16,     0.38,     0.0002933,     0.0001857,     0.0001022,     0.0000328,     0.0000240,     0.0000168,  4219, 75856, 13532,  3470,   935,   293,   267,-9999.0000,-9999.0000,-9999.0000,-9999.0000,-9999.0000,-9999.0000,-9999.0000,20,11,294.9318, 75.1095,     0.0001520,     0.0000975,     0.0000544,     0.0000181,     0.0000132,     0.0000092,     0.0001439,     0.0000912,     0.0000502,     0.0000161,     0.0000118,     0.0000082
53918,53928,53923,39.12970, -76.32070, 891.8250, 1172.420,292.2736, 88.4117,    78.26,   181.43,     1.18,     0.38,     0.0002096,     0.0001272,     0.0000703,     0.0000223,     0.0000176,     0.0000123,  3987, 61809,  9425,  2384,   641,   185,   241,-9999.0000,-9999.0000,-9999.0000,-9999.0000,-9999.0000,-9999.0000,-9999.0000,20,11,295.0626, 74.4360,     0.0001100,     0.0000672,     0.0000375,     0.0000123,     0.0000097,     0.0000068,     0.0001029,     0.0000624,     0.0000345,     0.0000109,     0.0000086,     0.0000061
53928,53938,53933,39.12820, -76.31140, 893.6590, 1151.070,292.2494, 88.1373,    78.62,   177.69,     1.16,     0.37,     0.0001871,     0.0001157,     0.0000613,     0.0000241,     0.0000171,     0.0000116,  3659, 46444,  6361,  1524,   421,   121,   141,-9999.0000,-9999.0000,-9999.0000,-9999.0000,-9999.0000,-9999.0000,-9999.0000,20,11,295.2147, 73.4091,     0.0000984,     0.0000617,     0.0000331,     0.0000134,     0.0000095,     0.0000064,     0.0000926,     0.0000573,     0.0000303,     0.0000119,     0.0000085,     0.0000057
53938,53948,53943,39.12900, -76.30180, 895.5890, 1117.820,292.2908, 85.0099,    78.65,   171.45,     1.22,     0.41, -9999.0000000, -9999.0000000, -9999.0000000, -9999.0000000, -9999.0000000, -9999.0000000,  2869, 43166,  6065,  1550,   402,   117,   119,-9999.0000,-9999.0000,-9999.0000,-9999.0000,-9999.0000,-9999.0000,-9999.0000,20,11,295.3535, 70.3894, -9999.0000000, -9999.0000000, -9999.0000000, -9999.0000000, -9999.0000000, -9999.0000000, -9999.0000000, -9999.0000000, -9999.0000000, -9999.0000000, -9999.0000000, -9999.0000000
53948,53958,53953,39.13200, -76.29280, 897.8200, 1087.630,292.3513, 83.0584,    78.20,   160.08,     1.13,     0.42,     0.0001348,     0.0000825,     0.0000446,     0.0000166,     0.0000139,     0.0000105,  2826, 33851,  4367,  1023,   312,   107,   100,  308.0000,-9999.0000,-9999.0000,-9999.0000,-9999.0000,  174.0000,-9999.0000,20,11,295.5027, 68.4094,     0.0000799,     0.0000494,     0.0000270,     0.0000104,     0.0000087,     0.0000066,     0.0000750,     0.0000459,     0.0000248,     0.0000093,     0.0000077,     0.0000058
53958,53968,53963,39.13680, -76.28530, 900.2190, 1062.010,292.5504, 82.2341,    78.08,   152.72,     1.18,     0.41,     0.0001295,     0.0000803,     0.0000405,     0.0000141,     0.0000129,     0.0000089,  2863, 32120,  4071,  1006,   276,    82,    94,-9999.0000,-9999.0000,-9999.0000,-9999.0000,-9999.0000,-9999.0000,-9999.0000,20,11,295.6556, 67.9411,     0.0000774,     0.0000489,     0.0000251,     0.0000089,     0.0000082,     0.0000057,     0.0000732,     0.0000454,     0.0000229,     0.0000079,     0.0000073,     0.0000050
53968,53978,53973,39.14320, -76.28000, 902.3640, 1034.860,292.6836, 81.3228,    77.57,   149.51,     1.17,     0.43,     0.0001297,     0.0000783,     0.0000401,     0.0000130,     0.0000121,     0.0000095,  2772, 37907,  4450,  1129,   297,   110,   113,-9999.0000,-9999.0000,-9999.0000,-9999.0000,-9999.0000,-9999.0000,-9999.0000,20,11,295.8414, 66.9870,     0.0000793,     0.0000486,     0.0000252,     0.0000084,     0.0000078,     0.0000061,     0.0000745,     0.0000450,     0.0000231,     0.0000075,     0.0000070,     0.0000055
53978,53988,53983,39.15040, -76.27720, 904.6270, 1009.240,292.9198, 81.1306,    77.87,   146.43,     1.24,     0.47,     0.0001296,     0.0000762,     0.0000392,     0.0000142,     0.0000120,     0.0000065,  3090, 32589,  4083,  1001,   290,   100,    92,-9999.0000,-9999.0000,-9999.0000,-9999.0000,-9999.0000,-9999.0000,-9999.0000,20,11,296.0073, 67.1376,     0.0000801,     0.0000476,     0.0000247,     0.0000092,     0.0000077,     0.0000042,     0.0000748,     0.0000440,     0.0000226,     0.0000082,     0.0000069,     0.0000037
53988,53998,53993,39.15780, -76.27740, 907.1060,  990.945,293.1290, 80.7969,    78.73,   148.69,     1.21,     0.50,     0.0001245,     0.0000774,     0.0000423,     0.0000124,     0.0000123,     0.0000074,  3138, 32318,  4188,  1038,   310,    94,   129,-9999.0000,-9999.0000,-9999.0000,-9999.0000,-9999.0000,-9999.0000,-9999.0000,20,11,296.1208, 67.2703,     0.0000765,     0.0000481,     0.0000266,     0.0000081,     0.0000080,     0.0000048,     0.0000722,     0.0000449,     0.0000245,     0.0000072,     0.0000071,     0.0000043
53998,54008,54003,39.16470, -76.28040, 909.4420,  968.680,293.3325, 79.9215,    79.26,   146.91,     1.26,     0.54,     0.0001227,     0.0000735,     0.0000380,     0.0000135,     0.0000128,     0.0000077,  3200, 31994,  4167,  1031,   290,   103,   106,-9999.0000,-9999.0000,-9999.0000,-9999.0000,-9999.0000,-9999.0000,-9999.0000,20,11,296.2289, 66.9453,     0.0000772,     0.0000468,     0.0000245,     0.0000089,     0.0000084,     0.0000051,     0.0000722,     0.0000433,     0.0000224,     0.0000080,     0.0000075,     0.0000045
54008,54018,54013,39.17050, -76.28580, 911.7000,  945.195,293.5340, 79.0155,    79.91,   145.45,     1.42,     0.53, -9999.0000000, -9999.0000000, -9999.0000000, -9999.0000000, -9999.0000000, -9999.0000000,  3334, 32101,  4216,  1014,   284,    78,    98,  611.0000,-9999.0000,-9999.0000,-9999.0000,-9999.0000,  106.0000,-9999.0000,20,11,296.3302, 66.6068, -9999.0000000, -9999.0000000, -9999.0000000, -9999.0000000, -9999.0000000, -9999.0000000, -9999.0000000, -9999.0000000, -9999.0000000, -9999.0000000, -9999.0000000, -9999.0000000
54018,54028,54023,39.17450, -76.29310, 913.8890,  924.150,293.8143, 77.7632,    80.69,   148.36,     1.55,     0.51,     0.0001238,     0.0000749,     0.0000396,     0.0000140,     0.0000117,     0.0000059,  3388, 33473,  4396,  1068,   297,   107,   126,-9999.0000,-9999.0000,-9999.0000,-9999.0000,-9999.0000,-9999.0000,-9999.0000,20,11,296.4404, 66.2518,     0.0000805,     0.0000492,     0.0000263,     0.0000096,     0.0000080,     0.0000040,     0.0000754,     0.0000456,     0.0000241,     0.0000085,     0.0000071,     0.0000036
54028,54038,54033,39.17650, -76.30140, 915.9040,  899.445,294.0829, 76.4525,    80.51,   150.27,     1.63,     0.51,     0.0001209,     0.0000727,     0.0000365,     0.0000134,     0.0000121,     0.0000066,  3494, 34135,  4385,  1063,   304,   102,   111,-9999.0000,-9999.0000,-9999.0000,-9999.0000,-9999.0000,-9999.0000,-9999.0000,20,11,296.5665, 65.7188,     0.0000801,     0.0000489,     0.0000249,     0.0000094,     0.0000084,     0.0000046,     0.0000750,     0.0000451,     0.0000227,     0.0000083,     0.0000075,     0.0000041
54038,54048,54043,39.17640, -76.30980, 917.9730,  870.775,294.3922, 74.2475,    80.72,   147.73,     1.75,     0.54,     0.0001173,     0.0000718,     0.0000390,     0.0000124,     0.0000105,     0.0000087,  3562, 31840,  4278,  1064,   312,    86,   132,-9999.0000,-9999.0000,-9999.0000,-9999.0000,-9999.0000,-9999.0000,-9999.0000,20,11,296.7137, 64.4728,     0.0000799,     0.0000494,     0.0000271,     0.0000089,     0.0000076,     0.0000063,     0.0000750,     0.0000459,     0.0000249,     0.0000079,     0.0000067,     0.0000056
